   -1.85819
    -1.8683
    -1.8621
   -1.88766
   -1.87476
   -1.84892
   -1.85444
   -1.87367
   -1.85342
   -1.36651
   0.582256
   -1.88638
     -1.881
   -1.84015
    -1.8565
   -1.86949
   -1.88474
   -1.86456
   -1.87905
   -1.84542
   -1.88643
   -1.86988
   -1.88358
   -1.86824
   -1.86496
   -1.89304
   -1.86519
   -1.86138
   -1.87195
   -1.85745
   -1.88311
    -1.8674
   0.621015
  -0.226442
   -0.85578
  -0.158606
  -0.601987
  -0.534019
   0.532483
  0.0300405
   0.124059
  -0.985763
   0.246662
  -0.755941
 -0.0490874
   0.393329
 -0.0573403
   0.391724
  0.0362876
   0.859251
    0.78485
   0.205228
    0.16848
   0.220443
   0.267473
   0.091924
  0.0278544
   0.392734
 -0.0178248
   -1.03785
   -0.47338
  0.0626253
  -0.841244
  -0.324258
  -0.605312
    0.20487
   0.400402
   0.439157
   0.366066
   0.213519
   0.537079
   0.511755
   0.140125
   0.177126
  -0.187304
  -0.375605
   0.169929
   0.256217
   0.480841
   0.364349
   0.465522
  -0.586518
  0.0540971
   0.234001
    0.36092
 -0.0684074
   -0.42594
   0.462676
  -0.216944
   0.159922
  -0.390159
  0.0843404
  -0.307743
   0.141982
  -0.861022
  -0.780356
   -0.75924
   0.254141
   0.291605
   0.164623
  -0.245733
   0.420667
   0.125968
    0.23617
  -0.216465
   0.395716
  -0.418654
   0.205181
   0.486801
   0.149146
   0.465121
   0.093462
   0.333995
  -0.392316
   0.398606
   0.105339
   0.284546
  -0.111541
 -0.0159939
 -0.0189028
  -0.257646
  -0.354542
  -0.205749
-0.00625997
   0.278184
  0.0975718
  -0.480101
    -1.8853
   0.271663
   0.353057
   0.217451
   0.130883
  -0.104637
6.58912e-05
   0.325604
   0.258062
   0.258862
  0.0973954
    0.43642
    0.22736
  0.0379189
   0.296826
  -0.123867
 -0.0641811
   0.334864
   0.284797
-0.00969642
   0.120479
   0.422232
   0.038474
   0.251798
   0.248651
   0.263035
   0.355373
  0.0815134
   0.163316
 0.00930553
  -0.128479
   0.241634
   0.224124
   0.339052
   0.564461
   0.410552
 -0.0200628
   0.018468
  -0.283622
 -0.0240968
   0.178214
   0.220469
   0.448792
   0.157272
   0.180671
  -0.195362
    0.48984
 -0.0460516
   0.154074
   0.115469
    0.28752
    0.41315
   0.324221
  -0.197872
   0.171283
 -0.0863573
 -0.0712777
   0.293255
    0.10498
   0.251051
   0.371058
   0.379133
  -0.122862
  0.0717734
   0.387728
   -1.89226
   -1.87621
  -0.180983
  -0.514711
  -0.782296
  -0.592175
  -0.428327
  -0.923476
  -0.207288
  -0.570014
   -0.31357
  -0.727164
   -1.05213
  -0.345401
-0.00615178
  -0.313053
  0.0843472
  -0.341916
  -0.579623
    -0.4246
    0.06318
  -0.198877
  -0.330744
  -0.476027
   0.282694
  -0.016451
  -0.316017
  -0.284817
  -0.290785
   -1.86356
  -0.535869
   -1.86903
  -0.201836
  -0.122865
  -0.735367
   -0.10856
   0.200921
   0.329507
    0.10897
    -0.2304
  -0.212722
   -0.24053
   -0.39163
  -0.312609
  -0.348503
  -0.227069
   -1.86045
  -0.389483
  -0.383154
    -1.8336
   -1.87214
    -1.8735
   -1.88367
    -1.8728
   -1.87283
    -1.8642
   -1.84323
   -1.88254
   -1.86643
    -1.8463
   -1.87125
   -1.86027
   -1.90543
   -1.84431