      0 1800.03 1.83863 1.90788 556.813
      1 1800.01 1.81201 1.87491 546.999
      2    1800 1.79668 1.86544 512.985
      3 1800.04 1.78048 1.85469 552.229
      4 1800.02 1.77186 1.84292 553.413
      5 1800.02 1.75971 1.84504 560.009
      6 1800.02 1.74931 1.84014 551.943
      7 1800.03 1.74304 1.83101 551.515
      8 1800.02 1.73719  1.8293 551.636
      9 1800.04 1.73258 1.82869 551.877
     10 1800.02 1.72545 1.82348 557.593
     11 1800.01 1.71782 1.82427  559.58
     12 1800.03 1.71034 1.81984 566.647
     13 1800.04  1.7044 1.81863  550.25
     14 1800.03 1.69941 1.81925 551.967
     15 1800.02 1.69207  1.8161 554.612
     16 1800.03 1.68584 1.81607 584.108
     17 1800.04 1.67691 1.81038 570.562
     18    1800 1.66321 1.81307 577.183
     19 1800.02  1.6484 1.81191 586.187
     20 1800.01 1.62614  1.8149 550.345
     21 1800.03 1.60644 1.81192 557.718
     22 1800.04 1.57755 1.81126 552.263
     23 1800.04 1.54987 1.80813 577.392
     24 1800.02 1.52571 1.80584 576.005
     25 1800.02 1.50352 1.80765 576.857
     26 1800.01 1.47961 1.80449 586.526
     27 1800.03 1.45209 1.80397 584.579
     28 1800.02 1.42747  1.8039 580.146
     29 1800.01 1.40561 1.80447 575.408