 -0.495219
  -0.49393
 -0.496745
 -0.499991
 -0.497141
 -0.498479
 -0.500192
 -0.497066
 -0.500406
  -1.01424
 0.0384631
 -0.495841
 -0.497456
 -0.495937
 -0.498611
  -0.49731
 -0.500733
 -0.498828
  -0.49751
 -0.498975
  -0.50289
 -0.497104
 -0.497231
 -0.499428
 -0.495091
 -0.497192
 -0.496736
 -0.497087
 -0.499131
 -0.498715
 -0.497785
 -0.498255
  0.966743
  -1.05485
   -1.1535
 -0.308583
 -0.274573
 -0.677442
  0.824864
-0.0181396
  0.161717
 -0.229749
  0.161395
 -0.561812
  0.128972
  0.584735
-0.0316506
 0.0309184
  0.116765
  0.811623
   0.72477
  0.150031
-0.0586027
 0.0550541
  0.110205
-0.0156191
 -0.100319
  0.133736
 0.0971339
  -1.03842
  0.236231
  0.235682
 -0.521231
 -0.835316
 -0.808386
  0.314626
  0.285671
  0.341873
 0.0294147
 0.0118813
 0.0700561
 -0.117737
-0.0130771
  0.247187
 -0.546876
 -0.478257
-0.0957211
  0.011443
  0.547986
 -0.504896
 -0.102789
 -0.392111
 -0.137681
  0.445818
 0.0331216
-0.0775759
 -0.511741
-0.0613214
 -0.611191
 -0.316314
 -0.791768
 -0.336796
 -0.303719
  0.504593
  -1.09976
   -1.2846
 -0.817544
  0.462222
 -0.240494
  0.191094
-0.0404074
-0.0926613
 -0.041856
0.00993498
 -0.564779
  0.175827
 -0.886503
 -0.266984
  0.199122
  0.195496
  0.262669
    0.3087
  0.794612
  -0.21391
  0.146487
  0.279918
  0.641908
 -0.154575
  0.329437
 -0.140102
  0.178039
-0.0842923
  -1.17688
-0.0697152
  0.697837
   0.22088
 -0.413956
 -0.497486
  0.172035
  0.479468
 0.0178285
 0.0530609
 -0.135136
 0.0366526
 0.0146314
 0.0473846
 -0.392768
 -0.202754
  -0.11732
 0.0834232
 -0.069617
 0.0433906
 -0.449961
  0.074105
  0.362296
 -0.101915
 -0.115977
  0.154843
  0.228622
 0.0168316
-0.0971015
  0.381468
  0.153445
  0.178497
 -0.129257
  0.252209
  0.176109
 0.0770555
  0.115371
 0.0253576
  0.340389
-0.0147489
  0.165395
 0.0337879
  0.341502
-0.0881312
  0.141066
  0.119105
  0.176113
  0.489269
 0.0962944
-0.0850128
 -0.125351
  0.387695
 -0.114006
  0.145837
  0.129432
-0.0307182
-0.0539446
 -0.108878
   0.13296
  0.136628
 -0.110386
-0.0634801
  0.246416
  0.147516
-0.0160112
 0.0820285
 0.0231994
 0.0756538
  0.106388
 -0.407667
 -0.496488
 -0.499704
 -0.499187
  -1.03527
  -1.42135
  -1.18535
  -1.12163
  -1.23769
 -0.381243
 -0.589061
 -0.484708
  -0.98516
 -0.932577
 -0.529571
 -0.169021
 -0.534513
    -0.441
 -0.482652
  -1.02801
   -1.1911
 -0.366905
 -0.371844
 -0.363353
 -0.460873
 0.0104621
 -0.119703
 -0.539741
 -0.619517
 -0.521387
 -0.497078
 -0.667004
 -0.497902
 -0.970775
  -1.22923
   -1.0406
 -0.565401
 -0.276529
   0.14434
 -0.198326
 -0.307386
 -0.279404
 -0.282258
 -0.571739
 -0.416327
 -0.384004
  -0.26415
 -0.498733
 -0.745459
 -0.766801
 -0.496672
 -0.499585
  -0.49839
 -0.497675
 -0.495006
  -0.49734
 -0.497791
 -0.499008
 -0.497758
 -0.499731
 -0.496704
  -0.49791
 -0.497618
 -0.495734
 -0.499331