    -0.24329
   -0.241878
   -0.248726
   -0.245521
   -0.244189
    -0.24634
    -0.24757
   -0.244556
   -0.248402
    -1.08634
    0.505042
    -0.24189
    -0.24611
   -0.244834
    -0.24797
   -0.243642
   -0.245745
   -0.246349
   -0.244512
   -0.244106
    -0.24649
   -0.242147
   -0.247141
   -0.243699
   -0.246115
   -0.245112
   -0.242702
   -0.243037
   -0.244529
    -0.24236
   -0.246549
    -0.24594
     1.02128
   -0.681358
    -0.42678
    0.566531
   -0.393791
   -0.931334
    0.291582
    0.777721
    0.568625
   -0.425993
  0.00885518
    -1.12486
    0.398481
  -0.0112566
   -0.399586
    0.869903
    0.354745
     0.73088
    0.124861
    0.116745
  -0.0746235
   -0.209676
    0.137561
    0.236565
    0.327079
    0.659016
    0.183263
   -0.356321
    0.551158
   -0.133715
   -0.298675
   -0.322452
   -0.418416
    0.838864
  -0.0492024
    0.320081
   -0.157902
   0.0801971
    0.476774
   -0.159011
   -0.667473
   0.0432478
   -0.541293
   -0.249153
   -0.223866
  -0.0255449
   0.0901474
  -0.0761377
    0.293175
   -0.553672
   0.0890669
    0.237472
   0.0977832
    0.103696
   -0.275889
  -0.0587153
   -0.376582
   -0.275391
   -0.454222
    0.160483
   -0.169558
   -0.148058
   -0.944218
    -1.14203
   -0.889798
    0.175813
    0.969939
    0.143845
    0.441757
   0.0330714
  -0.0662591
    0.712711
    -0.17467
    0.623733
   -0.268968
    0.334243
    0.154259
   0.0830472
 -0.00273588
   -0.101094
    0.898599
   -0.776415
   0.0225206
    0.352408
   0.0263583
  -0.0974133
    0.138483
    0.396692
  -0.0192366
    0.451107
   0.0860933
    0.288126
     1.04748
    0.285172
   -0.315198
   -0.245911
    0.252238
    0.944263
    0.742547
  -0.0876355
    0.501496
    0.420971
    0.558937
    0.380724
    0.171335
   0.0491547
    0.255442
   0.0836612
   -0.231362
    0.214275
  -0.0944947
   0.0630045
    0.350283
    0.347023
    0.358414
    0.331837
     0.35851
    0.712836
    0.261738
    0.811447
    0.911685
    0.580121
    0.380561
    0.136156
     0.78328
    0.315225
    0.660909
    0.311772
    0.995797
    0.922257
    0.789625
     0.16517
    0.623368
    0.184815
     0.66933
    0.492447
    0.491126
    0.664795
    0.445583
    0.384818
  -0.0970551
    0.597179
     0.24466
     0.36331
     0.90542
    0.843573
     0.49015
    0.627723
    0.566838
    0.280298
   0.0853809
    0.555596
    0.690428
    0.418073
     0.42034
    0.406129
    0.732256
    0.160626
    0.465668
    0.261279
   -0.245397
   -0.245443
   -0.306844
   -0.620835
    -1.05372
    -1.70719
   -0.902175
    -1.02145
   -0.262126
    -1.05505
   -0.811409
   -0.954697
   -0.798637
   -0.522051
    0.309717
    0.147678
    0.035094
    0.422437
   -0.257006
   -0.422378
   -0.211716
     0.34345
   -0.226441
  -0.0146071
  -0.0536604
    0.128414
   -0.156683
-0.000443996
   -0.305413
   -0.245587
   -0.225646
    -0.24414
   -0.698524
   -0.701213
   -0.262378
   0.0911104
   0.0361296
    0.218229
    0.133462
   0.0250396
    0.133794
  -0.0786873
   -0.149211
    0.191076
    0.414198
    0.046712
   -0.246739
   -0.241869
    -0.68495
   -0.246135
   -0.247692
   -0.240625
   -0.243839
   -0.243366
   -0.248174
   -0.243926
   -0.245385
   -0.245764
   -0.247681
   -0.244174
   -0.247322
   -0.244295
   -0.245078
   -0.248468