   -0.275553
    -0.11642
   -0.272516
  0.00819049
   -0.203831
   -0.488933
    0.441757
    0.196342
   -0.474678
    0.374038
     0.03624
    0.183502
   -0.466844
    0.335933
  -0.0151897
   0.0319023
     0.34093
   -0.173814
    0.463785
     -0.2355
   0.0453165
   -0.304478
   -0.569315
   -0.466399
    0.805869
     0.18764
    0.300477
  -0.0834538
   -0.212898
    -0.68917
   0.0598236
   0.0422665
     0.44734
    0.240946
   0.0442512
   -0.288317
    0.350383
   -0.545082
   -0.152477
   -0.235056
    0.323407
   -0.595645
   0.0481074
    0.171319
   -0.169219
    0.254054
   -0.511703
   -0.093763
   -0.379148
   -0.139436
    -0.46302
   -0.099932
    0.127179
   -0.337435
  -0.0865928
    0.413177
    0.232029
    0.178035
   -0.278266
    0.184203
   -0.572357
  -0.0741016
   -0.158655
   0.0802201
  -0.0678095
  -0.0253595
    -0.18716
   -0.132416
    0.314758
   -0.485021
    0.338355
  -0.0655892
   0.0870903
   -0.259064
    0.368491
   -0.214835
 0.000570832
     -0.4199
   -0.627681
  0.00207992
   -0.178975
   -0.454368
   -0.237061
   -0.198066
   -0.171576
   -0.279662
   0.0582612
    0.278797
    0.154225
    -0.39594
    0.232424
  -0.0919963
    0.201093
   -0.583741
   -0.530436
  -0.0779542
   -0.160226
   -0.449715
   0.0170011
    0.205085
    0.255522
   0.0603067
    0.113345
   -0.577583
   -0.148944
   -0.230884
    0.152159
   -0.432896
    -0.34677
    0.216673
    0.547161
   0.0200108
   -0.310683
   -0.122299
   -0.229104
   -0.242288
   0.0816738
   -0.966039
    0.151773
   -0.575277
   -0.198464
    -0.08336
   -0.202653
    0.481812
   -0.655868
    -0.24378
   -0.754877
  -0.0150332
   -0.286303
   -0.334337
   -0.645235
   -0.481788
   -0.143112
    -0.18866
   -0.130639
  0.00669993
   0.0169428
    0.101505
   -0.547766
   -0.725948
    0.246654
   -0.782961
    0.413632
   -0.161131
    -0.47894
   -0.706787
   -0.254857
    0.189103
   -0.336363
    0.208819
   0.0949073
    -0.48372
   -0.411212
   -0.194559
    0.332697
   -0.504097
   -0.181887
   -0.478051
   0.0134546
  -0.0704444
    0.118767
   -0.189672
    0.221874
   -0.583054
   -0.448373
    0.286308
    0.126856
   -0.228537
   -0.329392
   -0.328567
    0.548801
   -0.835157
    0.128775
  -0.0586584
   -0.114136
    0.140978
    0.244491
    0.183364
   -0.152148
   -0.435289
   -0.456861
   -0.272014
   0.0564728
   0.0974767
   -0.398433
   -0.186279
    -0.13728
    0.121857
   -0.461305
  0.00309071
   -0.320532
   -0.190938
   -0.384795
    0.561514
    0.400591
   0.0201834
   -0.585802
    0.193413
   -0.116368
   -0.420943
 -0.00773405
   0.0961874
    0.159326
   -0.561727
  -0.0168988
    0.308711
    0.115607
    0.244486
   -0.209696
  0.00972315
   -0.207796
   -0.442277
   -0.139469
   0.0636695
    0.342739
   -0.225267
   -0.166078
   -0.148577
   -0.540943
  -0.0592915
   -0.359129
   -0.515252
 -0.00982626
  -0.0405151
    0.199835
   0.0799554
   0.0585482
   -0.216393
   -0.464061
   -0.262706
    0.402877
   -0.144907
     0.52425
    0.425849
   -0.298204
   -0.129629
   -0.428841
   -0.765497
   -0.181457
   -0.255904
   -0.165521
    0.156496
   -0.543217
   -0.246762
    -0.10041
    0.221981
    -0.33659
  -0.0560043
  -0.0924838
   -0.184957
   -0.218659
   0.0617078
   -0.282778
   -0.258467
   -0.202708
   -0.219639
   -0.115698
    0.181642
   -0.382324
    0.416928
    0.487162
 -0.00819745
    0.491964
   -0.125696
   -0.229088
   -0.632584
    0.119326
   -0.459022
   -0.256175
   -0.101763
    -1.28217
   -0.113092
   -0.358778
   -0.496583
   -0.311835
   -0.498856
    0.135825
    0.124394
   0.0602741
   -0.357959
  -0.0162842
    -0.38051
   0.0195129
    0.254317
   -0.451065
  -0.0183022
   -0.189761
    0.196589
   -0.201428
     -0.2515
    0.123871
     0.28931
   -0.145269
   -0.360646
   -0.190971
   -0.441786
     -0.2819
   -0.390651
   -0.513954
    -0.19043
   -0.400378
   -0.218392
   -0.124485
    0.395928
  -0.0530233
    -0.28535
   0.0880155
   0.0393263
   0.0426757
   -0.263979
   -0.395071
   -0.390062
    -0.35995
    0.432052
    0.211498
    0.161768
   -0.353353
   -0.399325
  -0.0162901
   -0.294213
    0.263546
    0.236715
  -0.0130587
   -0.804013
   0.0162619
   -0.502354
   0.0844499
   -0.347275
   0.0816559
   0.0875682
    0.420822
   0.0284404
   0.0222873
   -0.225665
   -0.245618
    0.366395
    0.338101
   -0.667136
   -0.224934
   -0.495811
   -0.405097
  -0.0662392
  -0.0157046
    0.135721
    0.343555
    0.191636
     0.44034
    0.243903
    0.107739
   -0.298064
   -0.226343
    0.407851
   -0.351466
    -0.43117
  -0.0915875
    -0.97333
   -0.414237
   -0.121386
    -0.16052
   -0.218249
    0.176117
   -0.579487
   -0.178579
   0.0248332
  -0.0639107
   -0.396378
    0.380281
   -0.498466
   -0.500991
   -0.144899
    0.325943
   -0.746936
   -0.615526
    0.111766
   -0.131566
   -0.812309
   -0.255899
    0.356326
   -0.542835
   -0.330143
    0.151742
   -0.283076
    0.293143
   -0.636975
   -0.326252
    -1.08475
   -0.382744
  -0.0134846
  -0.0269561
   -0.305342
   -0.452813
   -0.711482
   -0.376896
   0.0778662
   -0.626232
   -0.150605
    0.174859
   -0.277185
   -0.311814
   0.0983594
    -0.17642
   -0.281095
   -0.523671
   0.0157274
    0.184244
    0.924475
    0.101628
   -0.226037
  -0.0727685
     0.30774
    0.194538
  -0.0723229
    0.184918
    0.550147
   -0.214784
  -0.0759239
    0.062734
  -0.0525134
    0.517593
   -0.205246
   -0.195038
   -0.537522
   -0.373435
  -0.0253041
 -0.00588308
   -0.271813
    0.255137
   0.0871539
    -0.15128
   -0.801399
   -0.178998
   -0.201306
   0.0308815
   0.0832848
    0.184125
   0.0423552
    0.343089
   -0.461143
  -0.0861219
   -0.370972
   -0.436904
   -0.363097
    0.375951
   -0.195752
   -0.101683
    0.250988
   -0.396325
   -0.327892
    -0.28322
   -0.109894
   -0.339482
  -0.0266007
   -0.433175
    0.385729
    0.180469
     0.13807
    0.680936
    0.209794
   -0.078968
   -0.652056
 -0.00457881
   0.0195834
   -0.117964
   -0.626751
    0.128116
  -0.0439195
   -0.043437
  -0.0113074
    0.452512
   -0.177968
  -0.0168129
  -0.0388522
    0.170313
    0.127763
    0.392565
   -0.132981
    0.107898
   -0.541885
    0.276299
   0.0385137
    0.529513
  -0.0553819
   -0.498347
   0.0257048
   -0.181659
    0.166353
  -0.0512716
    0.512979
    0.112159
   -0.227476
    0.857173
    0.365223
    0.373405
   -0.238031
   -0.780587
   -0.181993
    0.259574
   -0.454362
  -0.0734331
    0.365977
    0.451388
    0.235889
   -0.122232
   -0.621053
   0.0433167
   -0.534454
   0.0181601
   -0.540896
   -0.593862
   -0.039877
    0.959335
    -0.10103
   -0.369575
    0.185624
   0.0292339
   0.0422735
    0.236374
  -0.0793105
    -0.11766
    -0.18114
   -0.310473
  -0.0940495
  -0.0161036
    0.554229
   -0.196492
   -0.139817
   -0.185608
   -0.336897
  -0.0305971
   -0.638331
   -0.591098
   -0.461168
   -0.607548
   0.0200791
   -0.347995
    0.376376
 -0.00799883
   0.0261066
   -0.777371
   -0.719739
   0.0117099
    -0.67451
    0.323613
   -0.248084
   -0.415727
   -0.368967
    -0.60257
   -0.108418
   -0.244256
  -0.0502373
   -0.111352
   -0.103178
  -0.0353196
   -0.383339
    0.638183
    0.214128
   -0.486446
   -0.612257
    0.247488
   0.0110605
   -0.381841
   -0.178865
    -0.37688
   -0.522131
    0.122069
   -0.134946
  -0.0866779
   0.0457072
   -0.399425
   -0.554139
    0.666201
   -0.660544
  -0.0575758
   -0.353073
   -0.213382
  -0.0247903
    0.330966
  0.00123643
   -0.468846
    -0.47382
   -0.329062
   -0.132983
    0.175173
  -0.0393915
    0.171576
  -0.0369653
   -0.447319
   -0.517064
   -0.115865
   -0.236753
   -0.531771
  -0.0560977
   -0.193832
      0.5559
   0.0447095
    0.243349
   -0.542702
   0.0716775
   -0.175991
    0.383478
   0.0842089
    0.292217
   0.0518237
   -0.632572
   -0.128102
   -0.441278
  -0.0441308
   -0.238051
   -0.328861
   0.0163205
    -0.64826
     -0.5656
   -0.110941
  -0.0195391
     0.40761
    0.197439
   -0.315116
  0.00975249
     -0.2837
   0.0944466
  -0.0519407
   -0.332178
    0.446953
   0.0762343
   0.0396633
     0.19978
    0.454727
   -0.417263
   -0.273263
   -0.266983
    0.546785
   -0.156828
    0.567141
      0.4679
  -0.0323878
    0.129277
   -0.196233
  -0.0361833
     -0.1505
   -0.400482
     -0.1982
    0.340278
   -0.324514
   -0.693313
   -0.425751
    0.220994
   -0.263453
   -0.565679
   -0.472327
   -0.306442
   -0.326047
   -0.296825
    0.163467
   -0.405712
    0.473757
     0.23568
   -0.106915
   -0.168773
   0.0306391
    0.416201
 -0.00168072
   -0.134666
    0.224801
   -0.366459
  -0.0600055
   -0.333127
   -0.243724
   -0.259788
    -0.41685
   -0.190472
   -0.882027
   -0.464374
    0.304819
   -0.377463
   -0.515727
   -0.894463
   -0.224762
    0.302863
   -0.520266
   -0.131595
    0.471115
   -0.323767
    0.373607
     0.18858
  -0.0591354
    0.147021
  -0.0808041
    0.179839
    0.337108
    0.295518
    0.109981
   -0.102178
    0.403666
   -0.768366
  -0.0282989
   -0.283774
    0.470865
  -0.0560469
   -0.465595
   -0.146619
  0.00488455
   -0.293754
   -0.426782
   -0.107684
   -0.277234
   -0.675593
    0.263761
    0.282326
     0.13628
   -0.513962
   -0.236717
   -0.106016
  -0.0803916
      0.1603
   -0.315561
    0.453934
   -0.526568
   -0.602712
   0.0894193
   -0.540348
   -0.062969
  -0.0319513
-0.000862899
   -0.534429
    0.363288
    0.333996
  -0.0164104
  -0.0501984
    0.340157
   -0.179501
    0.577686
   -0.448204
   -0.112073
    0.149254
   -0.228528
 -0.00383248
    0.239125
   -0.252252
   -0.213201
   -0.336717
    -0.24945
   -0.199228
   0.0841325
   -0.621388
    0.281619
  -0.0398336
   -0.011173
  0.00456884
    0.130434
   -0.360005
   -0.216651
    0.108895
    0.152579
   -0.246226
   -0.053533
    0.546088
    0.165578
  -0.0843591
  0.00917612
  -0.0773055
    0.276246
   -0.336601
  -0.0638817
   -0.291207
    0.138903
   -0.489536
    0.478906
   -0.488599
   -0.540699
    -0.40639
   0.0753561
    -0.32688
    -0.42945
    0.238054
   -0.100852
   -0.755653
   -0.092318
    0.352476
   -0.442749
    0.109979
   -0.244093
  -0.0962534
    0.315201
   -0.622104
   -0.154297
   -0.993543
   -0.441534
   0.0126506
    -0.34402
   -0.262248
     0.17482
    0.412774
   -0.090259
    0.167685
   -0.587163
   -0.374783
    0.135743
   -0.476347
   -0.305365
   0.0195186
    0.482329
   -0.159346
    0.295422
    0.454773
    0.138418
    0.601032
    0.524186
     0.75685
    0.437862
    0.300787
    0.198721
    0.339068
    0.495428
    0.819193
    0.187022
   0.0400336
    0.184008
    0.496284
    0.795402
 -0.00794157
    0.574135
   -0.137956
    0.668648
    0.364264
    0.869159
    0.363754
    0.641117
    0.218222
    0.413927
   0.0977482
    0.351356
   0.0899386
    0.521321
    0.718852
     0.28932
    0.833492
    0.407094
   0.0393724
     0.10592
  -0.0315228
    0.538327
    0.225826
    0.846625
    0.521715
     0.35949
   -0.104137
   0.0845772
    0.212102
    0.410827
    0.324926
    0.596935
   0.0603019
    0.523224
   0.0913702
    0.586185
    0.626011
    0.213378
    0.550439
    0.521717
    0.223104
   -0.111611
  0.00610355
   -0.115414
     0.27312
    0.556421
    0.498032
    0.268092
    0.356471
     0.52373
    0.629525
    0.907429
    0.325122
    0.874609
    0.645196
      1.0397
    0.628274
    0.118327
    0.582088
    0.432012
    0.827425
    0.695832
    0.296696
    0.120915
    0.592699
    0.434541
    0.737511
    0.270553
    0.697471
    0.273455
   0.0045235
    0.532514
    0.135616
    0.448076
    0.195569
    0.626649
    0.230701
    0.499856
    0.240817
    0.248519
    0.659664
    0.312285
     0.55467
    0.244297
   -0.196566
    0.969794
    0.361836
    0.502686
    0.279927
    0.259138
    0.251534
    0.623672
    0.889515
    0.330021
    0.138166
    0.424169
    0.384773
     0.32167
    0.683669
    0.319433
    0.379369
    0.306738
    0.303824
    0.588341
     0.27828
    0.330994
    0.428782
    0.376852
    0.219124
    0.513227
   -0.132662
  -0.0101466
    0.358669
    0.656932
   -0.120477
    0.256032
    0.804718
   0.0974558
    0.640569
    0.562162
    0.225019
      0.3461
    0.216546
    0.536284
     0.49672
    0.105114
    0.535112
    0.411458
   0.0380714
    0.312517
    0.582612
    0.398659
    0.370344
    0.382541
  -0.0291722
    0.434534
    0.284376
     0.17291
    0.371691
    0.340233
    0.607929
    0.455013
    0.385936
     0.33209
    0.169675
     0.88717
    0.384956
    0.380162
    0.491636
    0.297759
     0.38173
    0.149506
    0.607032
    0.214718
    0.389581
  0.00382505
      0.4935
    0.816352
    0.512235
   -0.267001
    0.308441
    0.601362
    0.715476
   0.0980798
    0.050909
  -0.0320021
    0.456332
    0.611413
   -0.126092
    0.560984
    0.249904
    0.417484
    0.244545
   0.0792371
    0.843949
   0.0147276
    0.914606
    0.387018
    0.314738
    0.247225
    0.224846
    0.415284
    0.426847
   0.0335223
   -0.243177
    0.790771
     0.18723
    0.362657
    0.208621
    0.111973
    0.604883
    0.414754
    0.572919
    0.589891
    0.351653
    0.346276
    0.198251
    0.736284
    0.476773
    0.110114
    0.764521
    0.541693
    0.605475
    0.767192
    0.478121
    0.370537
    0.796751
    0.451054
    0.738488
    0.466627
    0.191184
    0.704376
    0.161014
     0.63322
   -0.119665
   -0.277526
    0.562179
    0.562975
    0.755373
    0.408488
    0.614296
    0.259964
    0.350379
    0.414828
  -0.0429954
    0.211479
    0.578178
    0.658905
    0.113434
    0.157471
    0.334192
    0.458591
    0.559324
    0.105972
    0.908288
    0.419288
    0.300921
   0.0843829
     0.34647
    0.629602
    0.783668
    0.319602
    0.221049
   0.0736555
     0.51783
    0.494931
    0.752713
    0.204943
     0.21267
   -0.102893
    0.118565
   -0.223787
    0.195988
     0.36754
    0.481568
   -0.152706
    0.481562
    0.658091
    0.320394
   0.0299948
    0.714465
    0.264802
    0.627411
    0.478179
    0.430209
    0.278762
    0.600237
    0.459749
    0.620732
     0.59861
   0.0627745
    0.407754
     0.38402
    0.710297
    0.230702
    0.663924
   0.0200481
    0.517426
    0.383431
   -0.246128
    0.285222
    0.132183
    0.574548
  -0.0925946
     0.60862
    0.128352
   -0.160052
    0.759313
     0.37166
     1.01437
-0.000934882
    0.401806
    0.560715
    0.107549
     0.71873
     0.14042
   -0.269474
    0.881001
    0.632912
    0.223447
    0.581708
    0.418226
     1.01665
    0.563743
    0.586933
    0.546849
  -0.0169883
    0.543942
  -0.0241232
    0.905532
  -0.0114425
    0.506417
    0.418333
     0.54377
     0.17932
    0.388671
    0.736205
    0.156162
    0.384314
    0.325932
    0.363343
    0.740605
    0.262286
    0.472043
    0.368002
    0.349521
     0.52802
    0.121422
    0.474527
    0.302254
    0.278817
    0.226356
      0.4322
    0.438844
     0.31039
    0.680652
     1.25768
    0.315777
    0.484922
   0.0989157
    0.179616
    0.675761
    0.360047
    0.161145
    0.563434
    0.501759
    0.197948
    0.101971
 -0.00256004
   0.0230407
    0.299416
    0.677683
    0.195212
     0.90942
     0.33871
    0.548428
  -0.0475745
    0.483262
    0.375135
    0.100987
    0.192965
   -0.214698
   0.0991232
    0.525129
    0.223522
    0.603485
    0.144667
    0.262019
    0.548879
    0.395727
    0.738346
    0.314578
    0.492344
    0.282726
    0.535572
    -0.10991
    0.106894
    0.339914
  -0.0331738
   0.0279938
   0.0916285
    0.345727
    0.329408
   0.0356934
    0.371641
    -0.20239
   -0.145845
    0.659995
   -0.149879
   -0.616591
   -0.572508
   -0.404749
    0.322765
   -0.371529
    0.839148
   -0.317931
   0.0755425
  -0.0106042
   -0.128535
    0.676377
    0.141307
    0.127449
  -0.0554493
   -0.344789
    0.179176
     0.78023
    0.034922
    0.528031
   -0.257278
   -0.488464
   -0.503429
   -0.378995
   -0.432023
   -0.363752
    -1.19185
    0.487916
   -0.254179
   -0.391787
    0.309244
   -0.506876
   -0.200424
  -0.0180907
    0.188822
    0.604916
   0.0159071
   -0.113868
    0.221588
   -0.280167
    0.352922
   -0.238543
   -0.222334
    0.115123
   -0.518859
   -0.409795
    0.289566
   -0.467463
    0.337291
   -0.146913
    0.538445
   -0.103679
    0.358114
      0.1875
  -0.0455596
    0.333362
    0.155744
   -0.239948
    0.353698
   0.0943017
    0.419915
    0.344476
  -0.0154072
    0.201333
  -0.0311965
  -0.0373286
  -0.0372603
    0.267872
    0.331488
    0.221278
   -0.061216
   0.0889432
  -0.0878353
   0.0548822
   -0.077076
  -0.0456534
    0.140287
   -0.154032
      0.1707
   -0.388834
   -0.392122
    0.294019
   0.0354661
   -0.236117
   -0.209846
    0.628585
   -0.214362
   0.0226714
    0.437045
  -0.0175167
   -0.117019
   0.0519011
  -0.0874045
   -0.150695
   -0.216697
   0.0777657
    0.208767
    0.493604
   0.0786506
   -0.463077
  -0.0785129
    0.125348
   -0.283884
   -0.289459
   -0.198995
   -0.464942
   -0.563724
   -0.323113
    0.322663
   -0.153962
  -0.0500616
   -0.137386
   -0.041666
    0.254143
    -0.31335
    0.393039
  -0.0939083
    0.137471
   -0.248291
 -0.00499575
   -0.513063
   -0.164316
   0.0517723
    0.275034
   -0.494154
    0.384783
    0.856673
  -0.0542562
   -0.434474
  0.00670134
    0.320902
   -0.137768
    -0.01992
    0.128771
    0.826736
    0.302309
    0.467201
-0.000509216
     0.52696
   -0.177025
    0.092691
   -0.497693
   -0.646559
    0.118553
    0.207996
    0.705928
   -0.140549
   -0.350103
   -0.289173
   -0.194617
   -0.172395
   -0.436798
    0.461269
    0.361403
    0.123469
    0.353524
    0.392966
    0.425357
   -0.224824
    0.150571
     0.28799
     0.10143
  -0.0234525
   -0.710045
  0.00880768
   0.0127302
  -0.0125109
   -0.176627
    0.306122
    0.279756
  -0.0744848
   -0.122564
    0.354497
   0.0355408
    -0.13268
    0.210725
    0.268648
   -0.180801
     0.37234
     0.17359
   -0.117044
    0.275624
   -0.414626
   -0.169251
  -0.0273893
    0.200312
   -0.316348
   -0.551104
    0.812676
   0.0567143
   -0.108692
  -0.0212211
   -0.452568
    0.230344
    -0.07715
    0.439474
  -0.0878575
   -0.379336
    0.077162
   0.0376852
    0.186705
    0.121423
  -0.0267205
   0.0659487
  0.00938427
    0.129953
    0.330214
   -0.233011
   0.0322173
    0.109695
   -0.322136
  -0.0358104
    0.457623
   0.0793786
    0.049841
    0.172925
    0.221292
    0.220812
   -0.417091
   -0.255194
    0.130316
   -0.115628
    0.544508
    0.210315
   -0.196372
    0.898126
    0.412337
   0.0066615
    0.226888
    0.194968
    0.380446
   -0.120078
   -0.170872
   -0.455651
   -0.127721
   0.0373172
   -0.401923
  -0.0219418
   -0.733227
     0.55215
   -0.275047
   -0.426516
    0.327017
    0.181898
    0.188757
   -0.225583
    0.339814
    -0.29675
   -0.576003
    0.319282
      -0.748
    0.274052
   -0.780295
    0.376836
   -0.535084
    0.367302
  -0.0267491
   -0.171143
    0.386013
   -0.277786
    0.368033
    0.640218
   0.0476556
   -0.094155
    0.706837
    0.457031
   0.0762886
   -0.075978
    0.173231
   -0.216302
   -0.461962
   -0.345831
   -0.296601
   -0.352929
    0.119694
    0.409838
   -0.173176
    0.145322
    -0.46445
    0.482772
    0.311785
    0.393086
   -0.414224
   0.0050114
   -0.570537
    0.451067
    0.293627
   -0.344765
   -0.416774
   -0.243434
   -0.320953
   0.0274503
    -0.04671
   -0.197706
   -0.635376
   0.0812154
    0.347816
   -0.158215
    0.212094
    0.483163
   -0.344235
    0.742961
   -0.462632
   -0.279979
    0.213224
    0.193848
   -0.758597
   -0.161433
   0.0864431
   -0.615912
   0.0822572
    0.602938
   -0.132968
   -0.261033
    0.189394
    0.145317
    0.329855
   -0.653423
   -0.613773
   0.0520906
   0.0528819
   -0.651912
   -0.148072
   -0.778731
    0.233923
   -0.291451
  -0.0247231
   -0.190701
    0.572285
    0.612424
    0.431163
    0.288053
   -0.486089
    0.253204
    0.255272
    0.376875
   -0.336687
    0.407814
   -0.537188
   -0.195918
   -0.295267
   -0.284563
   -0.616753
   -0.282762
    0.278862
   -0.038182
    0.067338
    0.247581
    0.107489
   -0.107969
    0.368904
    0.565819
   -0.127558
    0.645236
   0.0713011
   0.0356063
    0.239726
  -0.0796145
   -0.130572
    0.302264
   -0.837267
    0.454603
   -0.418609
    0.503854
    0.230772
    0.549345
    -0.38357
  0.00401809
  -0.0268876
   -0.246457
    0.642583
   -0.173174
   0.0126566
   -0.142234
    0.836128
   -0.729432
  -0.0844874
   -0.506494
     0.28093
    0.155122
  -0.0631316
    0.287928
   0.0227177
   0.0414302
    0.292117
   -0.335279
    0.700769
  -0.0876097
   0.0449857
   -0.373154
  -0.0424513
   -0.182111
   -0.522397