  -0.260591
  -0.260597
  -0.264503
   -0.26141
  -0.262613
  -0.262819
  -0.261834
  -0.262164
  -0.261424
   -1.58312
  0.0225298
  -0.261959
  -0.262705
  -0.259996
  -0.261294
  -0.260431
  -0.261195
  -0.261616
   -0.25967
  -0.263134
  -0.262049
  -0.263141
  -0.259856
  -0.261887
  -0.260221
  -0.262619
  -0.263333
  -0.262398
  -0.259331
  -0.263412
  -0.262857
  -0.262697
    1.23282
  -0.579722
  -0.257111
 -0.0238059
  -0.440073
   -0.69035
    0.77827
   0.582139
   0.371236
   -0.06764
   0.109707
  -0.654568
   0.677129
   0.457612
   0.703511
   0.632352
   0.464781
   0.423636
   0.762326
   0.466275
   0.190596
    0.10076
-0.00388492
  0.0944544
   0.329378
   0.267134
  0.0641396
  -0.229394
  -0.795953
   0.920878
   -1.39514
   -0.65746
  -0.540917
   0.411613
   0.274074
   0.576214
   0.475973
   0.306099
   0.202253
   0.179437
   0.147937
  0.0362424
  -0.356452
 -0.0452623
  -0.342885
   -0.35804
   0.695966
 -0.0885595
  0.0320724
   -0.16441
   0.222598
   0.400722
 -0.0774851
  0.0694502
  -0.592217
  -0.502086
   0.224136
  -0.495215
  -0.648755
   0.199415
    0.17215
  0.0470839
  -0.567491
   -1.16055
  -0.529308
   0.423397
 -0.0233661
    0.28677
  -0.307728
   0.317854
   0.129249
   0.131692
  -0.548825
   0.110567
   -0.79915
  -0.316831
   0.316089
   0.600534
    0.10308
   0.138665
   0.665389
  -0.322078
  -0.253554
   0.469119
   0.271715
  0.0521482
    0.63485
  -0.185733
  -0.219222
   0.250889
   -0.73058
   0.188347
    1.02456
   0.142361
  -0.468179
  -0.264665
   0.570957
   0.698077
   0.481128
   0.362027
   0.238835
   0.268888
   0.680247
    0.47671
   0.438769
   0.373756
   0.479633
   0.412543
   0.194235
   0.412434
   0.240107
   0.063647
   0.538273
   0.357614
   0.311365
   0.679998
   0.527619
   0.441915
   0.609709
    1.40798
   0.866404
   0.693257
   0.555372
   0.477106
   0.819302
   0.590331
    0.65212
   0.660508
   0.811454
   0.697777
   0.730018
   0.264232
   0.771864
   0.324446
   0.550441
   0.790883
   0.706448
   0.983063
   0.651864
-0.00833478
   0.121476
   0.718525
   0.255168
   0.583725
   0.938075
   0.718857
    0.65296
   0.557496
    1.18738
   0.774193
   0.597235
   0.468062
   0.685826
    0.38281
   0.187563
  0.0818012
   0.716049
   0.302432
   0.578094
   0.202309
  -0.263995
   -0.26279
  0.0871782
  -0.167166
  -0.789752
   -1.07067
  -0.961192
   -1.26631
  -0.257546
  -0.863043
  -0.927934
   -1.24699
  -0.585502
  -0.508342
  0.0121226
  -0.078094
    0.29816
   0.219419
  -0.509992
  -0.633795
  0.0945185
   0.838597
   0.176018
  -0.134065
  -0.113203
 -0.0626948
  -0.289838
   -0.13179
  -0.244633
  -0.261442
  -0.196027
  -0.262232
  -0.928051
   -1.75572
  -0.480443
  -0.389266
   -0.32529
  -0.103933
   -0.54379
  -0.382773
  -0.366208
  -0.484933
 -0.0955961
 -0.0945692
  -0.091558
  0.0565485
  -0.262985
  -0.483985
  -0.665188
  -0.262899
  -0.260301
  -0.261424
  -0.261648
  -0.262708
  -0.262027
   -0.25946
  -0.263509
  -0.261218
  -0.261712
   -0.26135
  -0.261896
  -0.260343
  -0.260294
  -0.260696