      0    1800 2.22633 2.15865 146.395
      1    1800 2.13885 2.09391 136.838
      2 1800.01 2.10054 2.06229 225.343
      3 1800.01 2.07178  2.0452  147.55
      4 1800.01 2.05103   2.027  99.926
      5 1800.01 2.03536 2.00842 204.257
      6    1800 2.02195 2.00396 214.766
      7 1800.01 2.00939 1.99249 190.395
      8 1800.01 2.00006 1.98794 186.143
      9 1800.02 1.99358 1.97517 155.227
     10    1800 1.98892 1.97666 200.534
     11 1800.01  1.9833 1.97813 219.743
     12    1800 1.97778 1.97287 216.284
     13    1800 1.97244 1.96669 198.913
     14 1800.01  1.9686 1.96079 164.556
     15    1800  1.9649 1.95866 202.712
     16 1800.01 1.96136 1.95909 217.454
     17 1800.01 1.95879 1.95442 206.605
     18 1800.01 1.95547 1.95281 248.333
     19 1800.01 1.95305 1.95082 213.199
     20 1800.01 1.95091 1.94659 217.352
     21    1800 1.94852 1.94608 209.475
     22    1800 1.94617 1.93692 229.717
     23 1800.01 1.94297 1.94256 233.338
     24    1800 1.94072 1.93475 234.467
     25 1800.01 1.93869 1.93555 184.459
     26 1800.02 1.93732 1.93606  163.99
     27    1800 1.93601  1.9343 204.976
     28 1800.01 1.93421 1.93148 221.367
     29 1800.01 1.93268 1.92888 226.045
     30 1800.01 1.93086  1.9335 247.443
     31 1800.01 1.92931 1.93023 231.076
     32    1800 1.92768 1.92712 212.036
     33 1800.01 1.92631 1.92588 200.659
     34 1800.02  1.9252 1.92766 186.434
     35 1800.01 1.92369 1.92614 210.963
     36    1800 1.92231 1.92915 233.971
     37 1800.02 1.92123 1.92539 218.993
     38 1800.01 1.92029 1.92652  212.74
     39 1800.01 1.91914 1.92279 230.315
     40 1800.01 1.91807 1.91992 227.898
     41 1800.01 1.91695 1.92217 191.446
     42 1800.01 1.91584 1.92151 213.419
     43    1800 1.91481 1.91917 202.644
     44 1800.01 1.91393 1.91933 202.078
     45 1800.01 1.91292 1.91664 226.547
     46 1800.01 1.91209 1.91763 227.999
     47    1800 1.91119 1.91404 185.891
     48 1800.01 1.91027 1.91727 210.079
     49 1800.01 1.90941 1.91171 205.713
     50 1800.01 1.90863 1.91327 202.522
     51 1800.01 1.90792  1.9123 199.201
     52 1800.01 1.90721 1.91294 225.309
     53    1800 1.90654 1.91499 249.152
     54    1800 1.90591   1.909  182.62
     55 1800.01  1.9055 1.91233 195.848
     56    1800 1.90488 1.90927 228.693
     57 1800.01 1.90412 1.91172 198.036
     58 1800.01 1.90339 1.91666 214.384
     59    1800 1.90281 1.91076 115.995
     60    1800 1.90238 1.91147 184.166
     61    1800 1.90197 1.90763 174.642
     62 1800.01 1.90153 1.90397 196.516
     63 1800.01 1.90107 1.90644  207.81
     64 1800.01 1.90063 1.90843 173.809
     65 1800.01 1.89998 1.90601 174.608
     66 1800.01 1.89942 1.90567 148.984
     67 1800.01 1.89901 1.90609 246.872
     68 1800.01 1.89839 1.90479 193.649
     69 1800.02 1.89791 1.90223 174.232
     70 1800.01 1.89754 1.90471 185.387
     71    1800 1.89724 1.90378 155.461
     72    1800 1.89694 1.90456 161.414
     73 1800.01 1.89659  1.9029 167.532
     74    1800 1.89617 1.90542 191.754
     75 1800.02  1.8957  1.9034 234.824
     76 1800.01 1.89531 1.90281 239.766
     77 1800.01 1.89498 1.90346 234.087
     78 1800.01 1.89461 1.90301   209.1
     79 1800.01 1.89428  1.9039 125.608
     80    1800 1.89395 1.90454 172.366
     81    1800 1.89359 1.90057 162.112
     82 1800.01  1.8933 1.90281 142.553
     83 1800.01   1.893 1.90009 180.748
     84 1800.01 1.89267 1.90237 174.344
     85 1800.01 1.89235 1.90329 115.921
     86 1800.01  1.8918 1.90196 202.754
     87 1800.01  1.8914  1.9006 164.934
     88 1800.01 1.89104 1.90323 91.4107
     89 1800.01 1.89072 1.90291 178.763
     90    1800 1.89038 1.90006 162.753
     91 1800.01 1.89015 1.90107 166.698
     92    1800 1.88985 1.90063 183.052
     93 1800.01  1.8895 1.90126  199.83
     94    1800 1.88905 1.90216  208.15
     95 1800.01  1.8887 1.90282 216.336
     96    1800 1.88829 1.89903  218.65
     97    1800 1.88796 1.89945  249.05
     98 1800.01 1.88758 1.89898 242.733
     99 1800.01  1.8872 1.89646 209.848
    100    1800 1.88672 1.90052 218.749
    101 1800.01  1.8864 1.90091 226.523
    102 1800.01 1.88614 1.89769 221.406
    103 1800.01 1.88586 1.90194 228.895