      0 1800.01 1.83213 1.88488 726.282
      1 1800.11 1.75603  1.8663 724.733
      2 1800.04 1.72307 1.85127 741.643
      3 1800.11 1.70945 1.84128 709.835
      4 1800.01 1.71001 1.84181 717.592
      5 1800.13 1.69946 1.83079 708.797
      6 1800.06 1.66468 1.82731  727.55
      7 1800.01 1.64109 1.82389  726.42
      8 1800.11 1.61523  1.8223 715.758
      9 1800.05 1.59431 1.82429 716.833
     10 1800.04 1.58238  1.8195 721.324
     11 1800.12 1.57156 1.82052 729.546
     12 1800.03 1.54806 1.81687 731.043
     13  1800.1 1.54311 1.81413 730.008
     14 1800.05 1.52956 1.81109 730.078
     15 1800.08 1.51605 1.80789 698.167
     16 1800.07  1.4993 1.80893 694.438
     17 1800.14 1.48877 1.80751 693.668
     18 1800.13 1.47821 1.80638 693.476
     19 1800.01 1.46906 1.80474 693.538
     20 1800.13 1.45786 1.80411 696.042
     21 1800.08  1.4442 1.80278 727.319
     22 1800.09 1.42652 1.80283 716.779
     23 1800.01 1.41637 1.80467 692.052
     24    1800  1.4013 1.80097 692.553
     25  1800.1 1.38591 1.79792 692.814
     26 1800.01 1.37561 1.80152 693.565
     27 1800.04 1.36945 1.79954 694.082
     28 1800.12 1.35899  1.8007 693.954
     29 1800.04 1.34714 1.80094 693.588