   0.665923
  -0.519088
   0.489394
    0.79643
  -0.861104
  -0.736213
   0.278672
   0.415424
 -0.0391868
  -0.588041
   0.263941
    1.17632
    1.00191
  0.0565639
   0.351577
   0.263803
  -0.137149
  -0.463754
    0.28855
   0.542383
   0.584235
   -1.10336
   0.541192
  -0.156344
    1.13257
  -0.263601
   0.415375
    0.61805
   0.222463
   0.131984
  -0.108621
   0.226189
   0.376123
 -0.0208395
  -0.761355
  -0.487617
  -0.204297
    1.23695
   -0.49968
   0.388352
  -0.586098
  -0.610446
  -0.394068
  -0.103079
  -0.699726
   -0.99093
  -0.682402
 -0.0558745
  0.0302731
   0.818006
  -0.158995
   0.639663
    1.64182
    1.19099
    1.10302
  -0.958123
   0.177177
  -0.634604
   0.441911
 -0.0329071
   0.357274
   0.477455
   0.252641
  -0.304113
  -0.247444
  -0.755574
   0.685476
   0.789614
  -0.336213
  -0.571287
    1.04758
  0.0233405
   0.881696
  -0.479804
  -0.516238
   0.965388
   0.623008
    1.04563
  -0.223954
    1.17823
   0.573543
   0.548756
  0.0684628
   0.501217
   -0.12665
   0.440461
   0.126573
   0.303659
   -0.28576
   0.495227
   0.345529
   -1.13175
 -0.0681352
  -0.200349
   0.261149
   -1.10762
   0.208512
    1.25951
   0.465752
   -1.28175
  -0.805239
   0.519269
  0.0389864
   0.762765
   0.180213
   0.820879
   0.774547
   0.941291
     0.2069
  0.0783624
    1.79722
  -0.381989
     0.3293
  -0.387609
  -0.308484
    1.08317
   0.280639
  -0.219435
   0.411915
  -0.735042
  -0.151523
-0.00758133
  -0.157791
    1.38323
  -0.578429
   0.698139
   0.151354
  0.0210094
  -0.202168
  -0.333909
  -0.492227
    0.21518
  0.0437724
  -0.576516
  -0.519037
   0.583803
    1.81177
  -0.506958
   -1.36337
  -0.827905
  -0.268312
  -0.925417
   0.471718
   0.711253
   0.279095
  -0.278378
  -0.178817
    0.36313
  -0.432562
   -0.58783
   0.474839
  -0.694697
 -0.0837778
   0.452547
  -0.640429
  -0.137229
   0.940147
   0.872784
   0.466246
   0.337097
   0.759459
   -0.27389
   0.110696
  -0.637945
   0.423834
  0.0371184
  -0.242739
  -0.908059
   -0.83834
    1.28388
   0.855999
   0.315172
   0.415175
  -0.225767
 -0.0791352
  -0.185832
   0.448569
  -0.315609
   0.901654
    1.05384
   -1.85501
  -0.279668
    1.85422
     1.2048
  -0.410278
   0.184609
 -0.0626208
   0.012047
   0.558625
  0.0975842
   0.334563
  -0.851074
  -0.461638
    1.62114
  -0.466272
 0.00272899
  -0.227856
     1.1042
   0.539018
   -1.01415
   0.762559
   0.184561
   0.367406
  -0.676613
   0.526622
   0.091955
  -0.303909
   0.262505
   0.345714
  -0.537227
    0.88874
   0.213807
   -1.62296
    0.73158
   0.409171
   0.753631
    0.32585
    0.27903
   0.194682
  -0.495781
   -2.26104
   0.367619
   0.984222
  0.0843336
   0.363338
 0.00118216
   0.167539
   0.523401
   0.804717
   0.403061
 -0.0993363
 -0.0800309
   0.300552
  -0.735547
   -1.28401
   0.390378
   0.460292
  -0.204261
   0.614311
   0.881131
 -0.0963702
   0.171472
 -0.0753345
  -0.378454
     1.1573
  -0.628596
   0.430163
   0.305205
  -0.398926
  -0.225838
   0.158725
   0.738922
  -0.345524
   0.527702
   0.611458
   0.481982
   0.676783
   0.553444
    1.29055
     1.6398
 -0.0884919
 -0.0850867
   0.593508
   0.554493
   0.036043
  -0.214242
    0.56873
   0.740239
   0.105506
  -0.090477
  -0.326777
   0.208229
   -0.40095
  -0.380936
   0.216125
   0.605254
   0.993521
   0.253178
  -0.561658
   0.692283
   0.620931
   0.409513
   0.773274
  0.0489232
  0.0342459
   0.681918
   0.756123
  -0.145587
   0.259347
   0.717421
  0.0636228
   0.534638
  -0.628467
  -0.213592
  -0.396093
  -0.480642
  -0.117242
  -0.412685
    -0.7986
  -0.221237
 -0.0213643
     1.9565
   0.126936
   0.582008
  0.0368251
   0.346765
   0.523381
   -0.11408
   0.881388
   0.027145
   0.412588
   -0.24145
    1.05339
  -0.293891
    2.32389
   0.701777
    0.30851
  -0.396491
    1.47891
   0.267111
    0.59355
  -0.264125
    1.34379
    0.82498
   0.418482
  -0.703931
  0.0760345
  -0.220347
  -0.479264
   0.261707
    1.19108
   0.965304
  -0.765083
   0.814182
  -0.493644
    1.01074
   0.183719
    0.58627
    1.09246
   -0.44519
  -0.395648
    1.07274
  0.0320596
   0.836716
   0.198484
  -0.355562
  -0.078268
 -0.0730981
   0.111452
   0.360874
   0.244896
  -0.834865
   0.485166
  -0.346858
  -0.439717
  -0.396225
 -0.0611957
   0.160986
   0.422618
   0.140428
  -0.199594
 -0.0271409
    1.18721
   0.510562
   0.460455
   0.274007
   0.287899
  -0.054746
   0.460819
   -0.47837
    1.41691
   0.327875
  -0.189189
  -0.831252
  -0.104483
 -0.0138216
  -0.637492
  -0.393495
  -0.257377
  -0.035234
  0.0608786
  -0.188427
   0.342818
   0.568448
   0.898817
   0.401879
   -0.74241
   0.839828
    1.14571
  -0.124954
  -0.442248
    1.69104
   0.832495
   0.673888
   0.679062
  -0.239394
    0.31682
  -0.530605
    1.34707
 0.00800334
   0.500096
   0.261469
   0.549426
 -0.0384779
   0.102347
    1.03627
 -0.0114519
   0.695396
  -0.273777
  -0.949747
   0.158764
   0.392815
    1.28727
   0.385702
    1.10719
 -0.0493486
   0.329539
   0.480019
 -0.0419687
   0.186794
 -0.0451684
  0.0120422
  -0.359931
   0.500321
   0.229845
    0.52285
   0.242348
   0.644327
 -0.0348869
 -0.0282463
   0.142885
  -0.441205
  -0.385146
   0.696263
   0.528098
   0.849523
    1.28189
   0.818317
  -0.648525
  -0.115981
    0.23133
    1.21273
   0.358474
  -0.716365
   0.354009
   0.551596
  0.0666279
  -0.805435
 0.00900783
   -0.35681
   -0.31438
 -0.0276079
  -0.294951
  -0.893305
   0.864935
   0.630584
   0.250586
   0.191579
   0.473239
   0.329177
     1.1141
   0.515534
   0.223126
  0.0912308
  0.0334634
    1.23668
   0.098335
   0.885742
   0.641803
    1.36855
   0.858207
   0.325002
  -0.135857
   -0.49722
   0.273082
   0.339241
    1.62054
  -0.826825
  -0.423524
   0.164169
   0.359652
   0.445447
   0.598191
   0.376171
   -0.30636
     1.1021
  -0.411895
   0.752609
    1.16137
   0.774692
    0.99084
   0.608729
   0.776633
  -0.346493
 0.00901537
  -0.466444
  -0.247691
   0.198031
  0.0295268
  -0.463539
    1.11601
  -0.445501
   0.528731
  0.0367279
   0.205254
   0.490322
    0.49039
    1.12602
    0.32353
   0.321226
   0.544829
   0.214635
  -0.106092
   -1.17131
   0.525036
   0.590541
  -0.590922
  -0.223202
   0.443009
  -0.977109
   0.784896
    1.22915
   0.331637
   0.637982
    0.38394
  -0.150483
   -0.23267
   0.178323
    1.31967
  -0.332455
   0.679223
   0.234852
   0.779075
    0.56043
   0.809103
   0.555224
 -0.0463335
   0.876148
   0.358429
    1.71451
   0.787177
   0.447036
    0.29684
    1.49699
   0.287616
   0.154272
   0.204668
   0.474691
  -0.195935
    1.38576
  -0.553859
   0.590167
   0.806887
   0.567948
  -0.117979
   0.467755
   0.196953
   0.788689
  -0.279293
   0.144935
   0.110742
    1.57727
   0.293278
   0.999331
    1.72247
    1.26768
   0.295712
    0.15374
   0.750156
  -0.219258
   0.628693
   0.241827
  -0.656525
  -0.401268
   0.213926
   0.860511
    1.41245
  -0.219615
     1.3065
  -0.264918
    1.03112
   0.713201
   0.614085
    0.49231
  -0.206101
      0.192
   0.112959
   0.329973
   0.853854
     1.0096
  0.0714074
    2.07636
   0.867567
   0.763579
   0.627839
    1.05418
   0.251716
   0.390711
    1.05267
  -0.790217
 0.00423708
   0.413075
   0.919419
   0.318705
   0.491345
 -0.0329939
    0.70075
   0.272516
  -0.382844
  0.0812247
   0.663438
   0.194711
   0.202571
   0.391929
    1.13384
   0.539987
  -0.257578
 -0.0332452
     0.9962
    1.23869
   0.534506
   0.679895
   0.627334
 0.00678501
   0.681721
  -0.133363
   0.853849
    2.07701
  -0.387731
   -0.37025
   0.756232
  0.0512031
    1.10234
   -0.25159
  -0.961093
    1.16832
   0.935266
   0.520569
   0.462329
    1.20258
  -0.394996
  -0.130705
   0.344687
-0.00564909
   0.486548
  -0.584552
   0.855151
    1.81931
    1.04631
    1.09602
  -0.303397
  -0.779133
    1.45003
  0.0539297
    1.38941
  0.0722303
   0.566117
  -0.331203
    0.49017
   0.345668
   0.654959
   0.790265
  -0.406911
    1.36336
  -0.132838
   0.420707
   0.997129
   0.538974
  -0.399881
 -0.0308686
   0.628139
  -0.084953
   0.946028
  -0.143443
   0.819375
  0.0591455
  -0.737141
  -0.722087
   -0.94409
      1.463
  -0.717822
   0.760208
   0.532868
    1.17163
    1.82223
   0.973537
   0.411998
   0.468993
   -0.82166
 -0.0933522
  -0.897326
   -0.26262
   0.737727
  -0.114089
   0.274162
  -0.577547
   0.223543
  0.0414436
   0.624206
   0.251983
    1.41929
   0.618332
   0.163571
  -0.293372
  -0.216628
   -0.17945
   0.696898
   0.696318
   0.347894
 -0.0391257
    1.20641
   0.423921
   0.215549
   -1.27189
    1.57961
    0.59986
   0.140566
   0.548883
   0.327594
    1.03524
   0.907922
  -0.197315
   0.897036
     1.3715
   0.265456
   0.790414
   0.454425
   0.235195
 -0.0556037
  -0.197178
   0.830408
  0.0842663
    1.28378
  -0.135859
    1.34804
   0.665653
    1.24563
    1.70496
   0.531538
   0.608515
    1.39346
   0.373667
  0.0101464
   0.903113
   0.631127
  -0.328634
   0.414003
   0.895654
   0.175968
   0.480579
   0.621781
   0.348456
     1.4228
   0.362016
   0.758196
   0.540831
   0.246535
   0.320181
   0.202813
    0.91274
    1.03748
 -0.0923655
    1.51407
   0.666234
 -0.0640987
   0.658216
  -0.132595
   0.215949
  0.0440108
   0.386356
  0.0239941
  -0.163103
  -0.129437
    1.01195
 -0.0832984
  -0.571976
   0.425621
   -1.00245
  0.0849708
   0.795711
    0.84742
  -0.537659
   0.691595
  -0.789023
 0.00615723
  -0.377991
   0.644552
   0.168087
   0.677631
   0.471311
  -0.591601
  -0.307911
  -0.532433
  -0.317441
  -0.397827
   0.649495
  -0.046947
  -0.438343
   0.439714
   -1.12796
  -0.633631
   -0.36158
   0.521197
    0.07889
  -0.884829
   0.145478
  -0.342889
    0.65481
   0.141955
  -0.232946
  -0.215312
   0.159608
   -1.26139
   0.216124
  -0.582723
   0.478059
   0.750504
  -0.795502
   0.418615
   0.228772
   0.895282
    1.02297
   0.490018
   0.786279
  -0.639024
  -0.194551
   0.817468
   -1.18232
  -0.594127
   0.152019
   0.183075
 -0.0289084
  -0.799292
  -0.900814
  -0.252789
   0.363288
    0.13274
   -0.83356
  -0.627334
   0.438632
  -0.679413
   0.181798
  -0.365782
   0.939576
  -0.191549
   0.433629
   0.411063
   -0.86116
    1.14864
    0.40029
 -0.0976821
   -1.01443
  -0.236032
   0.487013
  -0.928262
 -0.0352837
  -0.739436
  -0.207382
  -0.436415
   0.301371
  -0.598655
   0.452117
  -0.193396
 -0.0260963
   0.314556
   0.717799
  -0.341152
 -0.0422931
  -0.187562
   0.668995
  -0.385914
  -0.485867
  -0.266673
   0.227064
   0.181021
  -0.896836
  -0.151236
  -0.725374
   0.918685
   0.979085
  -0.572339
   0.853305
  -0.658757
   0.607489
    0.59278
-0.00993711
   -0.78397
 -0.0581739
   0.543611
  -0.465898
   0.529875
  -0.573171
  -0.138283
  -0.131949
  0.0301386
   0.412107
-0.00218417
  -0.733034
   0.575262
   -1.07091
   0.163818
  -0.378473
   -0.11607
    1.10604
  -0.631858
   0.481808
  -0.137533
  -0.734048
  -0.656688
   0.247391
  0.0319282
   0.471495
   0.329515
  -0.989204
   0.617309
  -0.267266
   0.696594
  -0.218384
  -0.231017
     1.0709
  -0.664569
 -0.0119235
   0.387134
   0.400476
   0.281703
  -0.459126
  -0.847112
 -0.0657582
   -1.36754
   0.716637
   0.525007
   0.808357
   -1.15106
  0.0867911
   0.795752
   0.116164
    0.27435
   0.954899
   0.842586
   0.547724
   0.230333
  -0.909564
   0.450076
   0.272182
 0.00100449
   -1.39314
   0.173882
    1.08517
   0.191456
   0.295058
    1.10377
  0.0664792
 -0.0277365
  -0.288593
  -0.425638
  -0.432607
  -0.362434
   0.754597
   0.706276
    0.82745
    0.38644
   0.475216
  -0.327329
  -0.243804
   0.375991
   0.464579
  -0.465414
    1.00997
   0.786776
   0.633431
  -0.827659
  -0.238598
   0.767426
  -0.890957
  -0.398435
  -0.119251
   0.122784
   0.418183
  -0.495938
   0.474303
   0.587467
   0.116127
    1.11136
  -0.129643
   0.878274
  -0.169235
   0.960351
    1.01827
     1.1489
  -0.419769
   0.375528
 -0.0930667
  -0.922373
   0.883013
  -0.470523
   0.609967
  -0.432924
   0.459053
  -0.612998
   0.892501
   0.657442
   0.888271
   0.567584
 -0.0162226
   0.386635
   0.453921
  -0.217359
   0.260537
  -0.147135
  -0.214906
   -0.52791
   0.597697
   0.571935
   0.727877
 -0.0879321
 -0.0736667
   0.168486
   0.445965
   -0.45269
   0.705695
  -0.895742
   -1.06125
  -0.660115
   0.908947