  -0.688795
  -0.684004
  -0.682975
  -0.686741
  -0.685082
  -0.685277
  -0.676843
   -0.68774
  -0.682413
  -0.354865
   0.246606
  -0.684289
  -0.685805
  -0.681151
  -0.683535
  -0.685134
  -0.685751
  -0.680526
  -0.685666
  -0.683175
  -0.687398
  -0.683357
  -0.687391
   -0.68398
  -0.679506
  -0.687171
  -0.685343
  -0.681471
   -0.68475
  -0.680962
  -0.687399
  -0.683651
   0.348536
 -0.0300332
  -0.580109
   0.246196
  -0.147811
  -0.139513
   0.280614
  0.0826482
  0.0208823
  -0.569408
   0.269564
  -0.138984
-0.00938314
   0.355555
   0.023827
  0.0370474
  0.0250907
   0.694867
   0.592884
   0.273469
   0.089735
   0.172941
   0.334953
   0.169223
   0.202588
    0.37149
  0.0815845
  -0.506028
  -0.127241
  -0.104949
   -0.77937
  -0.094281
  -0.282551
   0.293426
   0.428229
   0.338159
   0.259119
    0.39729
   0.329045
   0.326409
   0.255547
    0.25184
 -0.0532003
 -0.0460397
   0.206238
    0.33803
   0.428014
   0.306459
   0.403134
  -0.204092
   0.270667
   0.248655
   0.337029
   0.143386
  -0.109152
   0.551919
  0.0579569
   0.174911
  -0.162817
  0.0357105
  -0.154391
 -0.0535046
  -0.605088
  -0.581327
  -0.327426
   0.324033
   0.383699
   0.261144
 -0.0928584
   0.254989
   0.169226
   0.212278
  -0.155812
   0.295714
  -0.180689
  -0.100903
   0.305763
   0.105074
   0.268467
  0.0928448
   0.394878
  -0.187624
   0.289484
   0.133534
   0.407477
  -0.122943
  0.0425715
   0.105536
  -0.275099
  -0.186721
 -0.0859423
 -0.0423794
   0.331356
 -0.0158938
  -0.195188
  -0.689966
   0.249774
   0.312811
   0.166788
  0.0995289
 0.00375433
  0.0396863
   0.378678
    0.21186
   0.142679
  0.0330845
   0.265278
   0.209089
  -0.141295
   0.335988
 -0.0446003
  0.0110367
   0.254989
   0.240331
  0.0761088
   0.269714
   0.289489
   0.121229
   0.150209
   0.137139
   0.224721
   0.196252
  0.0572787
  0.0537303
  0.0984256
 0.00832485
   0.165955
   0.242793
   0.240012
    0.41721
   0.325527
   0.128875
  0.0224844
 -0.0748342
-0.00474988
   0.189078
   0.266547
   0.492145
   0.207979
   0.197257
  -0.138344
    0.35959
  0.0481283
  0.0746982
 0.00121282
   0.209745
   0.287925
   0.273994
 -0.0599616
  0.0697677
  0.0886889
  0.0039608
   0.247798
-0.00543448
   0.291273
   0.251555
   0.241631
  -0.259335
    0.15784
   0.189609
   -0.68801
   -0.68471
 -0.0635456
  -0.367224
   -0.47233
  -0.348347
  -0.451401
  -0.463757
  -0.217413
  -0.246195
  -0.180721
  -0.526428
  -0.617095
   -0.42439
 -0.0725878
   -0.24963
 -0.0482116
  -0.368525
  -0.158323
   -0.33028
 -0.0946327
  -0.231464
  -0.281636
  -0.260572
   0.189349
  0.0463209
 -0.0890758
  -0.203105
  -0.182679
   -0.68609
  -0.320964
  -0.682865
 -0.0447556
 -0.0201392
  -0.188553
   0.122354
    0.15135
   0.100582
 -0.0360846
  -0.063975
 -0.0916267
 -0.0869892
  -0.174393
  -0.245214
  -0.354367
  -0.299622
  -0.685305
  -0.293876
   -0.19483
  -0.679009
  -0.682328
  -0.686178
  -0.684887
   -0.68648
  -0.685141
  -0.685327
  -0.684284
  -0.686302
  -0.685588
   -0.67978
  -0.687084
  -0.685046
  -0.686825
  -0.680672