  -2.14498
  -2.14422
  -2.14448
  -2.14886
  -2.14751
  -2.14254
  -2.14378
  -2.14674
  -2.14393
  -1.66794
  0.468279
   -2.1491
  -2.14801
  -2.14198
   -2.1426
  -2.14626
  -2.14805
   -2.1431
  -2.14747
  -2.14273
  -2.14853
   -2.1466
    -2.147
  -2.14738
  -2.14557
  -2.14962
  -2.14651
   -2.1438
  -2.14694
  -2.14446
  -2.14728
  -2.14714
  0.588213
  -0.47627
 -0.940406
 -0.300135
  -1.00947
 -0.602374
  0.135063
  0.209024
  0.159159
 -0.981095
  0.433571
  -1.18597
  0.164738
  0.859908
  0.282786
  0.402668
-0.0243963
   1.09458
  0.699126
 0.0412943
-0.0561009
  0.234417
  0.192102
 0.0589529
  0.124603
  0.582586
-0.0982589
 -0.770604
 -0.803664
 -0.386375
 -0.765132
 -0.827184
 -0.633979
  0.182439
 0.0507495
  0.440492
  0.604264
 0.0640892
  0.413608
  0.356802
   0.16615
  0.321265
 -0.163295
 -0.325185
 0.0391409
  0.234937
  0.708883
  0.495948
  0.422391
 -0.845543
 0.0716916
  -0.09113
  0.213649
 -0.355371
 -0.459276
  0.484477
 -0.337739
 -0.188263
 -0.672011
  -0.19772
  -1.14672
-0.0163173
  -1.00872
 -0.804458
 -0.820501
  0.327965
   0.32586
  0.289286
 -0.370924
  0.419706
  0.262696
  0.561158
 -0.431725
  0.511429
 -0.493871
 0.0816307
  0.410314
0.00015199
   0.81851
 0.0509298
   0.67012
-0.0971804
  0.460482
0.00511239
  0.307691
-0.0470464
-0.0554946
-0.0104337
 -0.290734
 -0.117757
  0.137304
 -0.187574
  0.357775
 -0.686249
 -0.498161
  -2.14957
   0.34459
  0.399756
  0.159119
   0.48577
 -0.312964
  0.101813
  0.574286
   0.36192
 0.0615687
  0.142538
  0.561322
  0.431544
-0.0327103
  0.360369
 -0.387609
-0.0519812
  0.338488
  0.264931
-0.0569487
 0.0447505
  0.543873
   0.16695
  0.238911
  0.472682
  0.198753
  0.213553
-0.0378536
  0.137747
  0.082937
 -0.208311
  0.043349
  0.510894
  0.519669
  0.868968
  0.479536
  0.253599
-0.0460688
 -0.327497
  0.232888
  0.222586
  0.443872
  0.489731
  0.520659
  0.580774
 -0.191058
  0.516556
-0.0702876
  0.240453
  0.150486
  0.276464
  0.280024
  0.392687
  0.176041
  0.407068
  0.240886
 0.0722811
  0.358963
  0.292454
  0.222445
  0.152312
  0.300587
 -0.194348
  0.294477
  0.533734
  -2.15092
  -2.14504
 0.0644067
  -1.00099
  -1.16722
  -1.07723
 -0.592497
   -1.0578
  -0.32255
  -1.06408
 -0.637876
  -1.23899
  -1.54452
  -0.36605
 -0.229587
 -0.366514
 -0.106475
 -0.420211
 -0.522075
 -0.324421
0.00798705
 -0.522464
 -0.483324
   -0.8707
  0.397234
   0.30123
 -0.216224
 -0.565954
 -0.109987
  -2.14472
 -0.700316
  -2.14611
 -0.690062
 -0.858912
 -0.818558
 0.0365728
  0.154892
  0.329936
  0.148843
-0.0485782
 -0.217706
 -0.214558
 -0.557423
 -0.216911
  -0.44674
 -0.462032
  -2.14413
 -0.191676
 -0.123277
  -2.14049
  -2.14677
  -2.14637
   -2.1481
  -2.14709
  -2.14616
  -2.14668
   -2.1439
  -2.14859
  -2.14604
  -2.14297
  -2.14686
  -2.14495
  -2.15115
  -2.14308