      0    1800 2.21935 2.16176 153.937
      1    1800 2.13506 2.09055 192.456
      2 1800.01 2.09546 2.05972  276.88
      3    1800 2.05926 2.03095 252.168
      4    1800 2.03495 2.01004 245.872
      5 1800.01 2.02019 1.99463 139.484
      6    1800 2.01076 1.99234 223.538
      7    1800 2.00098 1.98491 262.598
      8 1800.01 1.99224 1.98007 253.608
      9    1800 1.98606 1.97761  262.71
     10    1800 1.98013 1.96899 138.406
     11 1800.01 1.97506 1.96532 176.731
     12 1800.01 1.97216 1.96403 228.208
     13 1800.01 1.96943 1.96192 184.678
     14 1800.01 1.96674 1.96146 136.192
     15 1800.01 1.96411 1.96515 147.792
     16 1800.02 1.96167 1.95786 138.066
     17    1800 1.95979 1.95375 172.973
     18    1800 1.95719 1.95859 223.182
     19 1800.02 1.95521 1.95066 197.196
     20 1800.02 1.95345 1.94857 177.941
     21 1800.02 1.95169 1.94506 154.997
     22 1800.01 1.95005  1.9459 164.499
     23 1800.02 1.94821 1.93926 168.642
     24 1800.01 1.94608 1.94222 221.612
     25 1800.01 1.94393 1.93632 200.902
     26 1800.01 1.94231 1.93889 167.032
     27 1800.01 1.94062 1.93611 137.672
     28    1800 1.93906 1.94016 94.8619
     29    1800 1.93808  1.9392 191.414
     30    1800 1.93692  1.9389 175.289
     31 1800.01  1.9356  1.9322 171.818
     32 1800.01 1.93455 1.93091 165.644
     33 1800.01 1.93312 1.93169 165.361
     34 1800.02 1.93196 1.93653 153.281
     35 1800.01  1.9307 1.92816  166.74
     36    1800 1.92945   1.931 220.439
     37    1800 1.92841   1.927 185.977
     38 1800.01 1.92762 1.93093 162.344
     39 1800.01 1.92674 1.92964 162.657
     40 1800.02 1.92549 1.92564 163.243
     41 1800.01 1.92437 1.93032 142.615
     42 1800.02 1.92343 1.92613 109.807
     43 1800.01 1.92273 1.92678 197.779
     44    1800 1.92206   1.926  171.81
     45 1800.01 1.92128 1.92523 139.695
     46    1800 1.92048 1.92338   150.2
     47 1800.01  1.9196 1.92399 166.284
     48 1800.03 1.91875 1.92364 276.823
     49 1800.01 1.91747 1.92188 247.225
     50 1800.01 1.91629  1.9208 258.553
     51 1800.01 1.91509 1.92103  237.75
     52 1800.01 1.91413 1.92111  214.94
     53 1800.01 1.91302 1.91598 249.686
     54    1800 1.91202 1.91638 273.525
     55 1800.02 1.91121 1.91653 239.544
     56 1800.01 1.91034 1.91731 251.767
     57 1800.01  1.9096 1.91298 259.457
     58 1800.01  1.9091 1.91789 145.965
     59 1800.01 1.90847 1.91725 162.905
     60 1800.01 1.90801  1.9145 181.224
     61 1800.01  1.9077 1.91357 172.816
     62 1800.01 1.90718  1.9124 258.153
     63    1800 1.90623 1.91569 262.768
     64    1800 1.90539 1.91278 258.001
     65 1800.01  1.9047 1.91141 274.745
     66    1800 1.90414  1.9093 252.748
     67    1800 1.90352 1.90763 266.705
     68 1800.01 1.90291 1.91051 150.924
     69    1800  1.9021 1.90754 256.469
     70 1800.01 1.90139 1.91006 269.695
     71    1800 1.90095 1.90577 158.515
     72 1800.01 1.90041 1.90202 166.679
     73 1800.02 1.89998 1.90607 156.182
     74 1800.01 1.89961 1.91046 218.235
     75    1800 1.89932 1.90681 207.143
     76 1800.01 1.89908 1.90949 136.787
     77 1800.01 1.89857 1.91012 249.917
     78    1800 1.89809 1.90438  275.85
     79    1800 1.89756 1.90415 269.299
     80 1800.01 1.89715 1.90503 260.613
     81 1800.01 1.89667 1.90741 271.706
     82 1800.01 1.89619  1.9049  265.96
     83 1800.01 1.89566 1.90457  234.15
     84 1800.01 1.89528 1.90245  279.32
     85 1800.01 1.89479 1.90385 280.095
     86 1800.01 1.89425 1.90061 253.646
     87    1800 1.89365 1.90363 262.486
     88 1800.01 1.89315 1.90315 156.857
     89    1800 1.89286 1.90198 189.878
     90 1800.01 1.89251 1.90325 278.781
     91 1800.01 1.89229 1.90458 149.971
     92 1800.01  1.8918 1.90326 251.307
     93 1800.02 1.89134   1.904 152.973
     94 1800.02 1.89105 1.90262 174.864
     95 1800.01 1.89084 1.90593 183.607
     96 1800.01 1.89053 1.90138 184.663
     97 1800.01 1.89029 1.89882 151.264
     98 1800.01    1.89 1.90036 159.622
     99 1800.01 1.88969 1.89869  170.59
    100 1800.01 1.88938  1.8999 147.769
    101    1800 1.88903 1.90184 164.651
    102 1800.01  1.8886 1.90065 276.505
    103 1800.03 1.88829 1.89909 92.0959