       0  1800.06  1.59664  1.92049  742.129
       1  1800.06  1.55554  1.86393  733.872
       2  1800.01  1.48127  1.84428  736.796
       3  1800.02  1.44055  1.82267  744.982
       4  1800.01  1.42612   1.8141  728.511
       5  1800.07   1.4031  1.80721  732.366
       6  1800.03  1.38794  1.80122  734.514
       7  1800.05  1.37317  1.79293  736.986
       8  1800.01  1.35158  1.79291  736.285
       9  1800.03  1.33561  1.79336  736.739
      10  1800.03  1.32446  1.78243  737.123
      11  1800.06  1.31402  1.78066  737.396
      12  1800.06  1.30425  1.78099  737.608
      13  1800.04  1.28467   1.7778  736.397
      14  1800.04  1.26423  1.77128  731.977
      15  1800.03  1.25205  1.76937  733.218
      16  1800.02  1.24357  1.76263  736.913
      17  1800.03  1.22192  1.76682  738.231
      18  1800.06  1.20936   1.7627   736.14
      19  1800.06  1.19284  1.75907  732.892
      20  1800.01  1.17633  1.75562  735.171
      21  1800.04  1.16528  1.75532   736.77
      22  1800.02  1.15021  1.75213    734.7
      23  1800.01  1.13296  1.75664   737.74
      24  1800.03  1.11671  1.75624  736.416
      25  1800.04  1.09723  1.75241  736.991
      26  1800.01  1.07972  1.74767  736.789
      27  1800.05  1.06187  1.75037  735.657
      28  1800.05  1.04729  1.74842  738.173
      29  1800.03  1.02935  1.75018  733.971
      30  1800.03  1.01235  1.74614  737.894
      31     1800 0.997901  1.74861  733.952
      32  1800.04 0.981747  1.74837  737.626
      33  1800.04 0.967347  1.74788  737.841
      34  1800.07 0.955115  1.74528  731.767
      35  1800.05 0.945421   1.7488  735.328
      36  1800.04 0.934865  1.74332  737.307
      37  1800.03 0.923213  1.74748  737.616
      38  1800.06 0.911327  1.74434  731.911
      39  1800.03 0.900559  1.74092  746.309
      40  1800.01 0.889829  1.74275  736.795
      41  1800.02 0.879165  1.73954  737.061
      42  1800.02  0.86824  1.73798  737.328
      43  1800.02 0.857557  1.73571  733.075
      44  1800.07 0.846995  1.73843  739.778
      45  1800.03 0.837407    1.737  747.669
      46  1800.04 0.828978  1.73587  737.192
      47  1800.03 0.820661  1.73824   737.13
      48  1800.01 0.813902  1.73605  734.157
      49  1800.06  0.80566   1.7395  736.406
      50  1800.01 0.797067  1.73731  737.826
      51  1800.01 0.788877   1.7345  737.654
      52  1800.02 0.780371  1.73386  735.895
      53  1800.02 0.772683  1.73561  735.373
      54  1800.06  0.76445  1.73156   737.28
      55  1800.07 0.756126  1.73322  747.395
      56  1800.05 0.747451  1.73185  737.501
      57  1800.05 0.739296  1.73422  737.164
      58  1800.01 0.731562  1.73161  734.949
      59  1800.01 0.725243   1.7317  736.389
      60  1800.03 0.718565  1.73309  735.804
      61  1800.03 0.711398  1.73417   738.11
      62  1800.06 0.705187  1.72965  737.978
      63  1800.04 0.698792  1.73054  732.531
      64  1800.06 0.692718  1.72732   738.26
      65  1800.04 0.687164  1.73052  736.921
      66  1800.01 0.681677  1.72857  737.639
      67  1800.03  0.67538  1.73062  733.187
      68  1800.04 0.669818  1.72637  747.198
      69  1800.03 0.663976  1.72447  735.189
      70  1800.03 0.658139  1.72671  738.059
      71  1800.05 0.653158  1.73193  738.391
      72  1800.03 0.647145  1.72591  733.679
      73  1800.07 0.641079  1.72834  737.786
      74  1800.02 0.635612  1.72717  737.931
      75  1800.01 0.630327  1.72577  737.322
      76  1800.02  0.62463  1.72748  736.642
      77  1800.02 0.619537   1.7256   735.14
      78  1800.03 0.614565  1.72768  743.878
      79  1800.05 0.609868  1.72622  737.359
      80  1800.04 0.605586   1.7263  737.636
      81  1800.05 0.601106  1.72485  737.569
      82  1800.01 0.596231   1.7234  734.661
      83  1800.04 0.591901  1.72629  738.008
      84  1800.03 0.587438  1.72734  738.327
      85  1800.02 0.582547  1.72619  737.728
      86  1800.01 0.577705  1.72695  738.153
      87  1800.04 0.572789  1.72588  731.663
      88  1800.07 0.567993  1.72762  739.131
      89     1800 0.563334  1.72611  737.356
      90  1800.05 0.558897  1.72246  737.812
      91  1800.03 0.554672  1.72515  738.162
      92  1800.02 0.550311  1.72508  741.787
      93  1800.04 0.546233  1.72218  746.489
      94  1800.04 0.541923  1.72595  738.506
      95  1800.02 0.537506  1.72182  738.519
      96  1800.04 0.533397  1.72247  733.993
      97     1800 0.529269  1.72499  735.097
      98  1800.06 0.525225  1.72331  738.301
      99  1800.06 0.521174  1.72203  738.025
     100  1800.01 0.517248  1.72416  737.605
     101  1800.03 0.513319  1.71929  736.953
     102  1800.02 0.509314  1.72135  734.531
     103  1800.06 0.505386  1.72177  745.841
     104  1800.01 0.501511  1.72472  737.844
     105  1800.04 0.497944  1.71917  737.028
     106  1800.03 0.494198  1.72057  737.351
     107  1800.02 0.490349  1.72357  731.915
     108  1800.06 0.486626  1.72254   737.03
     109  1800.01 0.482895  1.71879   737.77
     110  1800.03 0.479562  1.72155  734.869
     111  1800.05 0.476447   1.7216  737.615
     112  1800.04 0.473201  1.71775  734.766
     113  1800.02 0.470285  1.71811  740.101
     114  1800.03 0.467467  1.71718  737.272
     115  1800.04 0.464628  1.71998    735.8
     116  1800.02 0.461602  1.71762   736.26
     117  1800.01 0.458672  1.72049  734.757
     118  1800.05 0.455442   1.7194  745.835
     119  1800.03 0.452263  1.71815  737.802
     120  1800.04 0.449334  1.71829  735.932
     121  1800.05 0.446409   1.7184  737.114
     122  1800.05 0.443401  1.71723  733.112
     123  1800.04 0.440506  1.72006  745.719
     124  1800.05 0.437529  1.71869  736.028
     125  1800.06 0.434645  1.71808  736.839
     126  1800.06 0.431779  1.71713  733.692
     127  1800.05 0.428866  1.71999  735.111
     128  1800.06 0.426083  1.71788  737.223
     129     1800 0.423475  1.71751  736.735
     130  1800.05 0.420923  1.71943  736.131
     131  1800.05 0.418281  1.71993  735.558
     132  1800.06 0.415841  1.71587  736.834
     133  1800.02 0.413215  1.71876  737.663
     134  1800.03 0.410571  1.71782  738.094
     135  1800.03 0.408013  1.71938  735.197
     136  1800.03 0.405567  1.71844  730.276
     137  1800.06 0.403247  1.71786  737.979
     138  1800.03  0.40092  1.71932  734.991
     139  1800.03 0.398591  1.71559  736.651
     140  1800.04 0.396298  1.72095   737.88
     141  1800.07 0.393914  1.71592  732.962
     142  1800.03 0.391583  1.72059  738.036
     143  1800.04 0.389484  1.71484  746.516
     144  1800.04 0.387427   1.7203  737.124
     145  1800.02 0.385387  1.71675  736.103
     146     1800  0.38341  1.71981  732.089
     147  1800.05 0.381437  1.71978  738.083
     148  1800.06 0.379551  1.71576  736.474
     149  1800.05 0.377692  1.71836    737.1
     150  1800.01 0.375626  1.71686  735.207
     151  1800.03 0.373637  1.71343   732.21
     152  1800.04 0.371725  1.71744  746.098
     153  1800.04 0.369824  1.71332  736.311
     154  1800.03 0.367873  1.71433  737.702
     155  1800.01 0.366144  1.71439  739.183
     156  1800.02 0.364337  1.71588  630.863
     157  1800.02 0.362643  1.71755  736.967
     158  1800.02  0.36081   1.7137   746.61
     159  1800.02 0.359007  1.71231  736.238
     160  1800.06 0.357226  1.71419  737.121
     161  1800.06  0.35545  1.71289  733.333
     162  1800.03 0.353683  1.71567  746.191
     163  1800.06 0.351889  1.71636  737.064
     164  1800.06 0.350144  1.71556  737.031
     165  1800.03 0.348573  1.71553  737.067
     166  1800.04 0.347024  1.71394  735.498
     167  1800.07 0.345465  1.71256  736.325
     168  1800.02  0.34388  1.71118  739.739
     169  1800.05 0.342413  1.71247  736.918
     170  1800.02 0.340804  1.71637  733.205
     171  1800.04 0.339324  1.71205  738.343
     172  1800.03 0.337921  1.71052  736.708
     173  1800.07 0.336534  1.71219  742.523
     174  1800.03 0.335066   1.7138  735.952
     175  1800.02 0.333601  1.71314  733.004
     176  1800.02 0.332154  1.71182  744.381
     177  1800.05   0.3306  1.71308  736.841
     178  1800.01 0.329139  1.71506  736.819
     179  1800.05 0.327621  1.71447  735.614
     180  1800.05 0.326142  1.71386  732.284
     181  1800.01 0.324696  1.71458  738.306
     182  1800.03  0.32328  1.71491   735.24
     183  1800.04 0.321818  1.71412  736.812
     184  1800.06 0.320353  1.71473  737.014
     185     1800  0.31888  1.71319  730.563
     186  1800.01  0.31751  1.71403  745.549
     187  1800.04 0.316125  1.71416  737.088
     188  1800.03 0.314662  1.71486  737.542
     189  1800.06 0.313287  1.71247  736.339
     190  1800.02 0.311909  1.71597  734.089
     191  1800.03 0.310627  1.71069  746.963
     192  1800.06 0.309326  1.71251  736.384
     193  1800.06 0.308096  1.71171   736.57
     194  1800.07 0.306827  1.71156  737.457
     195  1800.07 0.305587  1.71489  731.493
     196  1800.03 0.304339  1.71496  744.001
     197  1800.01 0.303109  1.71355  737.322
     198  1800.01 0.301804  1.71394  736.665
     199  1800.03 0.300534  1.71556  737.066
     200  1800.06 0.299302  1.71559  732.291
     201     1800 0.298079  1.71521  739.094
     202  1800.02 0.296872  1.71538  739.527
     203  1800.05 0.295721  1.71406  737.384
     204  1800.02 0.294606  1.71604  743.651
     205  1800.05 0.293431   1.7151  717.751
     206  1800.06 0.292249   1.7123  737.869
     207     1800 0.291092  1.71336  736.895
     208  1800.07 0.289913  1.71536  733.383
     209  1800.01 0.288742  1.71412  733.413
     210  1800.01 0.287624  1.71143  735.939
     211  1800.05 0.286515  1.71355  737.721
     212  1800.03 0.285401   1.7129  736.763
     213  1800.07 0.284258  1.71286  728.556
     214  1800.01 0.283121  1.71511  736.595
     215  1800.02 0.282007  1.71435  732.633
     216  1800.02 0.280913  1.71066  743.795
     217  1800.06 0.279827  1.71006  736.837
     218  1800.04 0.278734  1.71486  737.184
     219  1800.01 0.277694  1.71099  736.911
     220  1800.07 0.276657  1.71301  734.432
     221  1800.03 0.275553  1.71498  738.671
     222  1800.06 0.274451  1.71532  736.548
     223  1800.03 0.273388  1.71251  736.208
     224  1800.05 0.272337  1.71359  730.918
     225  1800.01 0.271301  1.71075   742.58
     226  1800.05 0.270268  1.71546  737.543
     227  1800.06 0.269209  1.70952  735.806
     228  1800.01  0.26821  1.71247  737.064
     229  1800.06 0.267215  1.71145  731.527
     230  1800.03 0.266227  1.70976  736.886
     231  1800.04 0.265249  1.70878  735.495
     232  1800.04  0.26431  1.70871  736.591
     233     1800 0.263357  1.71128  745.789
     234  1800.01 0.262376  1.70773  741.651