  -0.316235
 -0.0133256
  -0.129029
  -0.146767
  -0.296504
  -0.671035
   0.628132
   0.185213
  -0.358663
    0.47517
 -0.0789152
   0.160758
  -0.538061
   0.307574
  -0.107947
  0.0571691
   0.241822
 -0.0249937
   0.736924
 -0.0908193
   0.172162
  -0.278257
  -0.716396
  -0.541621
   0.922274
  0.0799065
   0.178021
  -0.371529
  0.0397712
  -0.701181
 -0.0255419
  0.0361471
   0.431646
   0.253974
  -0.162384
  -0.194769
   0.484707
  -0.607078
  -0.212962
  -0.284387
   0.306917
  -0.547284
 -0.0400669
   0.263517
  -0.150112
   0.324763
  -0.559238
  -0.108093
  -0.452246
   -0.12814
  -0.578807
  -0.193471
   0.128553
  -0.689671
  0.0126447
   0.487956
   0.392873
  0.0385895
  -0.349123
   0.164806
  -0.761201
  0.0396534
  -0.255527
 -0.0105439
  -0.141306
 -0.0501836
  -0.256477
  -0.236004
   0.478519
  -0.658818
   0.436575
  -0.154215
 -0.0150462
  -0.307662
   0.196289
  -0.155424
 0.00468336
  -0.508344
   -1.00422
 -0.0666487
  -0.218342
  -0.357822
  -0.169225
  -0.472916
  -0.165477
   -0.16091
  0.0860719
   0.283999
   0.174696
  -0.472999
   0.212492
  -0.119155
   0.219879
  -0.457679
  -0.628341
  0.0597825
  -0.167606
  -0.418294
 -0.0544659
   0.501887
   0.318885
   0.332925
   0.136749
  -0.657093
  -0.264625
  0.0392307
   0.196097
  -0.500439
  -0.460786
   0.155317
   0.435332
  -0.125594
  -0.390143
  -0.264682
  -0.207193
  -0.292829
    -0.1945
   -1.05166
  0.0664521
  -0.560553
  -0.165853
    0.14318
-0.00590428
   0.470639
  -0.601726
  -0.348977
  -0.881332
 -0.0611821
  -0.427804
  -0.347314
  -0.739839
   -0.52367
  -0.208258
  -0.136627
  -0.222194
 -0.0873879
  -0.093803
  0.0652392
  -0.532801
   -1.17025
   0.244499
  -0.689433
   0.408105
   -0.34997
  -0.604018
  -0.901267
  -0.331994
    0.18888
  -0.359729
   0.104915
   0.236467
  -0.448544
  -0.452956
  -0.135339
   0.520536
  -0.781987
 -0.0947847
   -0.59962
-0.00258587
 -0.0664901
   0.069458
  -0.135249
   0.292772
  -0.514952
  -0.530001
   0.250955
   0.127278
  -0.225509
  -0.393124
  -0.253106
   0.745046
  -0.974241
    0.25859
 -0.0736032
  -0.146761
  0.0855776
   0.253395
   0.348067
  -0.178782
  -0.351594
  -0.430881
  -0.457177
-0.00173857
   0.240241
  -0.862837
 -0.0848744
   -0.20327
   0.127855
  -0.314024
   0.042839
  -0.368952
  -0.166979
   -0.45602
   0.281978
   0.419742
 -0.0185046
   -0.52838
    0.21872
  -0.222006
    -0.5688
  0.0258959
  0.0487199
    0.23661
   -0.60506
  0.0010266
   0.562736
  0.0405824
   0.222535
  -0.282462
  0.0530057
  -0.264851
  -0.390281
  -0.162892
   0.185672
   0.412215
  -0.286424
  -0.208033
  -0.234636
  -0.607539
 -0.0424331
  -0.424453
  -0.608211
 -0.0440778
 -0.0712735
   0.236364
  0.0063508
  -0.121026
  -0.329697
  -0.527352
  -0.415083
   0.475035
   -0.12555
   0.660354
   0.509783
  -0.207136
  -0.135606
  -0.499943
   -1.10427
  -0.223569
  -0.370162
  -0.235982
  0.0600416
  -0.672946
   -0.22172
 -0.0440097
   0.252491
   -0.58475
 -0.0370962
  -0.110555
  -0.132794
  -0.110392
  0.0265601
  -0.430938
  -0.246395
  -0.486078
  -0.154914
-0.00351107
   0.238032
  -0.473975
   0.642755
   0.576152
   -0.10376
   0.560651
  -0.115374
  -0.268826
  -0.726822
  0.0632452
  -0.381956
  -0.308304
  -0.154893
   -1.31219
 -0.0863616
  -0.505711
  -0.579858
  -0.301278
  -0.443035
    0.27502
   0.190268
   0.132258
   -0.36214
 -0.0279972
  -0.365082
   0.010099
   0.303438
  -0.569119
  -0.149329
  -0.419213
      0.235
  -0.246818
  -0.282483
  0.0736013
   0.468557
   -0.19911
  -0.365821
  -0.437903
  -0.605012
  -0.299046
  -0.398257
  -0.631788
  -0.288865
  -0.573506
  -0.163386
  -0.396087
   0.421773
  0.0368363
  -0.329824
  0.0837037
  0.0525707
  0.0766743
  -0.406782
  -0.396385
  -0.396743
  -0.334592
   0.571316
   0.239332
  0.0523574
  -0.307366
  -0.381856
  0.0299442
  -0.412843
   0.332734
   0.232815
  0.0970961
   -1.11096
  0.0472826
  -0.514474
   0.118553
  -0.464299
 -0.0671766
   0.144649
   0.340454
   0.113183
  -0.150821
  -0.346078
 -0.0729776
   0.552708
   0.386181
  -0.745715
  -0.223265
  -0.617806
  -0.533911
  0.0506284
-0.00876131
    0.33095
   0.431585
   0.380116
   0.477452
   0.343828
   0.144075
  -0.231984
  -0.164934
   0.405196
  -0.532575
  -0.408063
  -0.237358
   -1.17092
  -0.535765
  -0.244085
 -0.0742281
  -0.166494
   0.274922
  -0.615426
   -0.27923
  -0.172789
  0.0292824
  -0.441982
   0.589387
  -0.810985
  -0.565271
 -0.0984183
   0.427827
  -0.715133
  -0.499664
   0.147606
  -0.201393
   -1.10341
   -0.22743
   0.384929
  -0.587506
  -0.405339
   0.121649
  -0.261503
   0.194254
  -0.665446
  -0.558627
   -1.21543
  -0.540037
  -0.159198
  -0.130568
  -0.298872
  -0.431223
  -0.880852
  -0.472502
  0.0400489
  -0.593547
 -0.0716422
   0.169452
  -0.479217
  -0.226249
  0.0809492
    -0.3429
  -0.252644
  -0.539499
  -0.182912
   0.259668
   0.920459
   0.483702
  -0.142906
-0.00827821
   0.258653
   0.293103
  -0.083076
   0.241259
   0.557529
  -0.325099
 -0.0240647
 -0.0148291
 -0.0680491
   0.738805
   -0.16264
  -0.115945
  -0.493905
  -0.349671
   0.160596
  -0.166136
  -0.214649
    0.35825
 -0.0680309
 -0.0882678
  -0.774205
   -0.26644
  -0.163723
  0.0922576
   0.196649
    0.25265
  0.0760645
   0.507498
  -0.462693
  -0.129122
  -0.472437
  -0.519778
  -0.300663
   0.383592
  -0.258158
  -0.238201
   0.289826
  -0.341785
  -0.434419
  -0.113988
  -0.179345
  -0.153467
  -0.241126
  -0.449739
   0.270641
   0.409818
  0.0869131
   0.839087
    0.12497
 -0.0168302
  -0.766135
  0.0288126
 -0.0403327
  -0.189684
  -0.624964
   0.140895
 -0.0957157
 -0.0859689
  0.0043082
   0.609562
  -0.283171
 -0.0399546
 -0.0871248
   0.244798
    0.30891
   0.181082
 -0.0160174
   0.163899
  -0.584234
   0.436831
  0.0109283
   0.471393
  0.0109708
   -0.46769
  0.0348809
  -0.265787
   0.210264
  -0.117392
   0.556928
   0.176625
 -0.0736128
   0.833959
    0.49202
    0.41563
 -0.0702498
  -0.909867
  -0.155395
   0.509144
  -0.251325
 -0.0363064
   0.343456
   0.745932
   0.429902
 -0.0144413
  -0.623772
 -0.0103123
  -0.444046
  -0.106513
  -0.661348
  -0.650943
 0.00877286
    1.13693
  -0.179381
  -0.314228
   0.165365
 -0.0102899
   0.235983
    0.37253
  -0.067575
   0.020911
  0.0893597
  -0.473639
  0.0577959
 -0.0204219
    0.59712
  -0.126286
  -0.324657
 -0.0734412
  -0.366279
 -0.0673057
  -0.775748
  -0.739772
  -0.271831
  -0.693409
   0.119279
   -0.55449
    0.55123
  -0.021709
  0.0845821
  -0.810404
  -0.859922
-0.00431208
  -0.631766
   0.334134
  -0.423096
  -0.392664
   -0.43203
   -0.65313
 -0.0896928
   -0.32714
 -0.0604902
 -0.0523685
  0.0255944
  0.0255901
  -0.287025
    0.99531
   0.302517
  -0.579287
  -0.679911
   0.369309
   0.144406
  -0.329305
  -0.304326
  -0.373847
  -0.613106
   0.129029
  -0.181732
  -0.161666
   0.204627
  -0.523694
   -0.41181
   0.888527
  -0.740224
   -0.14185
  -0.363286
   -0.45056
 -0.0956984
   0.329277
   0.186359
   -0.34839
  -0.676931
  -0.354536
  -0.374305
   0.182486
 -0.0372552
   0.219849
  0.0422094
  -0.635624
  -0.318515
 -0.0652686
  -0.385751
   -0.68744
  0.0133249
 -0.0992558
   0.705449
  0.0619685
   0.224625
  -0.463032
   0.134593
   -0.20924
   0.528372
   0.070553
   0.511412
  0.0701525
  -0.678645
 -0.0725219
  -0.450505
 0.00805413
 -0.0977422
  -0.533388
  -0.152115
  -0.828456
  -0.532417
  -0.182649
   0.259273
   0.477284
   0.148323
  -0.468107
  0.0516075
  -0.168478
  -0.136889
   0.077607
  -0.296159
   0.634578
  0.0651478
 -0.0298826
   0.200445
   0.530297
  -0.507778
  -0.239268
  -0.267939
   0.677831
  -0.260023
   0.671555
    0.36115
   0.105556
   0.086746
 -0.0297974
  -0.127592
  -0.142344
  -0.411164
  -0.170128
   0.268488
  -0.500484
  -0.925888
  -0.565992
   0.351625
  -0.436593
  -0.544773
  -0.420724
  -0.362446
  -0.321218
  -0.130464
   0.158626
  -0.595481
   0.389689
   0.446598
  -0.111658
 -0.0537473
  0.0890614
   0.594922
 0.00360655
 0.00410445
   0.282497
  -0.293741
 -0.0289009
  -0.204096
  -0.222056
  -0.209793
  -0.473322
  -0.107168
  -0.645658
  -0.358996
   0.430961
  -0.330386
  -0.512759
  -0.862861
 -0.0547966
   0.307672
  -0.734881
  -0.130954
   0.489336
  -0.380506
    0.34405
    0.13078
  -0.172971
   0.180405
  -0.094028
   0.144953
   0.209596
   0.272536
   0.143525
 -0.0870159
   0.406185
  -0.791315
  0.0966182
  -0.224724
   0.660339
-0.00277124
  -0.498007
  -0.248832
   0.128764
  -0.397393
  -0.642069
 -0.0919804
  -0.192512
  -0.638869
   0.227288
   0.431576
   0.257428
  -0.618447
  -0.244272
  -0.080558
  -0.177858
   0.211656
  -0.370903
   0.447639
  -0.628553
  -0.794074
  0.0592768
  -0.735612
  0.0917421
 -0.0305455
 0.00720284
  -0.568738
   0.319147
   0.459215
   0.108643
  -0.196254
   0.377768
  -0.267722
   0.584623
   -0.26914
   -0.25768
  0.0704811
  -0.309601
 0.00656387
   0.365028
  -0.329542
  -0.262838
  -0.491693
  -0.359378
  -0.342197
   0.247193
  -0.671251
   0.375613
   0.184235
   0.132984
   0.219655
   0.085145
  -0.589771
   -0.19223
   0.329993
  0.0850426
  -0.187604
  -0.195573
   0.494309
   0.394702
  -0.135445
   0.292315
 -0.0903817
    0.32915
  -0.357603
  -0.179158
  -0.599831
    0.18502
  -0.559479
   0.578603
  -0.548076
  -0.667061
  -0.403032
-0.00314101
  -0.168072
  -0.596411
    0.14397
  -0.115355
  -0.867105
 -0.0480764
   0.442784
  -0.546146
  0.0670304
 -0.0742157
  -0.259052
   0.396628
  -0.591869
  -0.235701
   -1.09428
  -0.518657
  0.0117524
  -0.360613
  -0.232734
  0.0609167
   0.556772
  0.0279423
   0.215454
   -0.92179
  -0.500222
   0.302805
  -0.627438
  -0.188649
   0.103679
   0.359175
  -0.525201
   0.140242
   0.176289
 -0.0912436
   0.679066
   0.539336
   0.767301
   0.308289
   0.138549
 -0.0111611
   0.393282
   0.561536
   0.669413
  -0.061679
  -0.177789
  -0.182399
    0.57902
   0.854233
  -0.251317
   0.524001
  -0.208947
    0.69934
   0.387879
   0.715666
   0.254638
   0.585839
    -0.3093
   0.232437
 -0.0583809
   0.132619
    0.12167
   0.386298
   0.831583
  0.0432353
   0.781311
   0.312445
   0.151739
  -0.215207
  0.0942094
   0.428255
 0.00238765
   0.833909
   0.269349
   0.299441
  -0.405263
  -0.169255
-0.00407999
   0.276015
   0.260465
   0.711061
  -0.152766
   0.268294
  -0.193677
   0.508215
   0.703463
  0.0717227
   0.410768
   0.473296
   0.164575
  -0.166337
-0.00176795
  -0.309464
 -0.0749147
   0.302236
   0.389372
  0.0968689
   0.231236
   0.379536
   0.451549
    0.92319
  0.0801326
   0.916387
   0.759261
   0.853643
   0.643371
  -0.114611
   0.337762
   0.302822
   0.790013
   0.547441
   0.266909
  0.0570769
   0.521646
   0.350974
   0.866767
    0.22368
   0.753076
   0.165376
  -0.235743
   0.390117
   0.032883
   0.295741
   0.295672
   0.499485
   0.186888
    0.48806
   0.200673
   0.198599
   0.488534
  0.0798713
    0.66306
  0.0737764
  -0.383705
   0.687375
    0.13021
   0.408549
   0.155535
  0.0606679
   0.241266
   0.568765
   0.825923
    0.24407
  0.0237102
   0.354913
   0.320598
   0.191719
   0.508063
    0.18894
   0.324105
   0.179951
   0.169076
   0.224905
   0.178708
   0.234716
   0.168244
   0.256337
   0.195242
   0.253207
  -0.185753
  -0.241606
   0.388821
   0.703835
  -0.379868
  0.0599743
   0.780353
 -0.0855153
   0.435144
   0.638328
   -0.11002
   0.284419
   0.118576
   0.532327
   0.606754
  0.0383031
   0.478848
   0.280866
  0.0350813
    0.22945
   0.358452
   0.262758
     0.4983
   0.229076
  -0.219147
   0.479162
   0.157628
 -0.0252597
   0.265198
    0.14555
   0.566541
   0.593819
   0.386167
   0.256149
  -0.128524
    0.92975
   0.270131
   0.368202
   0.451021
   0.181453
   0.453313
 -0.0179463
   0.540319
  0.0600783
   0.428303
  -0.341771
   0.264791
    0.66146
   0.297541
  -0.259554
 0.00394434
   0.662115
   0.462065
  -0.150512
 -0.0866156
  -0.517162
   0.269986
   0.614373
  -0.149944
   0.408107
    0.16383
   0.445425
  0.0774571
    -0.1216
   0.685229
  -0.111632
   0.800073
    0.25987
   0.409967
   0.341097
  0.0824837
   0.241156
    0.33483
  -0.121528
  -0.508724
   0.672867
 -0.0163191
   0.451898
   0.120903
 -0.0617416
   0.512945
   0.193958
   0.341026
   0.427196
   0.383627
   0.219187
   0.187294
   0.815437
   0.336617
  0.0183271
   0.590123
    0.27763
   0.674847
   0.777282
   0.356785
   0.307415
   0.831179
   0.466855
   0.753455
   0.440836
  -0.105959
   0.506172
   0.155624
    0.55028
  -0.253925
  -0.419347
   0.455509
    0.48813
   0.504663
   0.472634
   0.370687
   0.125199
   0.215339
   0.325734
  -0.328414
 -0.0197576
   0.576844
   0.522923
  -0.015914
   0.155432
  0.0449848
   0.419979
   0.320204
 -0.0969238
   0.877677
  0.0114275
   0.115408
  0.0266883
   0.190966
   0.426017
   0.949579
   0.200339
  0.0828536
   0.129674
   0.517317
   0.436852
   0.659416
   0.102296
  0.0370659
  -0.308222
 -0.0623784
  -0.262816
   0.247676
   0.112697
   0.270418
  -0.541285
   0.282128
    0.70836
    0.31974
 -0.0301804
   0.797393
  0.0540325
   0.661782
   0.450771
   0.461553
   0.114657
   0.413514
   0.336307
   0.556358
   0.385894
  -0.146013
   0.400457
   0.224006
   0.640229
   0.107906
   0.727049
 -0.0931012
   0.521714
   0.248534
 -0.0924858
  0.0150241
  0.0661126
   0.546965
  -0.305342
   0.382166
  -0.183014
  -0.279927
   0.747334
    0.16051
   0.821012
  -0.227562
   0.310957
   0.657118
  0.0231942
   0.573908
 -0.0300618
  -0.620235
   0.782857
   0.574687
 -0.0645946
   0.626239
   0.406133
    0.98472
   0.554482
   0.619312
   0.450607
  -0.266288
   0.573087
  -0.135618
   0.988275
  -0.237658
   0.235427
   0.572611
   0.461018
   0.102423
   0.385193
   0.524264
   0.115721
   0.509043
   0.172021
   0.194674
   0.452559
   0.102535
   0.454845
   0.132139
  0.0836562
   0.467232
  -0.171769
   0.486159
 -0.0271007
   0.100094
   0.342577
     0.2951
   0.407904
   0.235966
   0.649196
    1.43447
    0.35736
   0.357185
  -0.113863
  -0.279356
   0.705838
   0.391774
  -0.115339
   0.359601
   0.277073
  0.0588734
 -0.0648404
  -0.321335
  -0.220897
   0.132099
   0.489444
 -0.0823954
   0.983069
   0.106597
   0.314515
  -0.322149
   0.435648
    0.12289
    0.13411
  0.0701955
  -0.160047
  -0.026312
   0.397671
   0.116936
   0.478327
 0.00884489
   0.270717
   0.631248
   0.226152
   0.669745
 -0.0478516
   0.303819
   0.162303
   0.461766
   -0.43237
 -0.0607307
    0.44031
  -0.107891
 -0.0941209
  0.0671771
   0.372877
   0.302164
   0.093673
   0.585705
  -0.241778
  -0.231061
   0.736833
  -0.196735
  -0.655184
  -0.692366
  -0.536244
   0.398802
  -0.450069
   0.908645
  -0.671961
 -0.0143574
 0.00287719
  -0.204737
   0.820303
   0.305728
   0.158516
 -0.0419414
  -0.461733
   0.103206
   0.943135
 0.00234255
   0.938987
   -0.28514
  -0.522761
  -0.522795
  -0.429482
  -0.551038
  -0.460307
   -1.30137
   0.599192
   -0.31113
  -0.450017
   0.300449
  -0.673458
  -0.209379
 -0.0252359
   0.119965
   0.707444
  0.0137264
6.58333e-06
   0.223431
   -0.30506
   0.501079
  -0.236204
  -0.374294
   0.150709
  -0.708875
  -0.481137
   0.338373
  -0.673142
   0.516692
 -0.0358911
   0.471651
  -0.200113
   0.389236
  0.0875483
  -0.231006
   0.280305
    0.29517
  -0.263704
   0.263421
  0.0296374
   0.456539
   0.341543
  -0.208884
   0.461088
 -0.0501575
  -0.126879
 -0.0233899
    0.29708
   0.320086
   0.253899
 -0.0125506
   0.211555
 -0.0552156
  0.0657814
 -0.0644374
   0.102287
  0.0874549
  -0.234064
   0.272897
  -0.376214
  -0.524051
   0.259924
  0.0147471
  -0.138004
  -0.241383
   0.785967
  -0.350444
  0.0115389
   0.495697
   0.119339
  -0.187284
  0.0826205
  -0.128395
  -0.223175
  -0.279989
  0.0592295
   0.145591
   0.705452
   0.148347
  -0.537745
 -0.0351489
  0.0228248
  -0.259639
  -0.348435
  -0.223577
    -0.5178
  -0.797916
  -0.427919
   0.583698
 -0.0581826
  -0.144139
  -0.182146
   -0.18937
   0.235672
  -0.364332
   0.589311
 -0.0167486
   0.063602
  -0.278515
 -0.0188416
  -0.583694
  -0.160792
  0.0717541
   0.170295
  -0.450512
   0.353391
   0.974434
  0.0155957
  -0.464798
   0.151601
   0.380369
  -0.227066
  -0.140595
   0.107369
    1.06259
   0.255124
   0.436909
    -0.1459
   0.514303
  -0.181226
   0.151907
  -0.636204
  -0.519883
   0.152415
   0.367758
   0.768957
  -0.304685
  -0.425104
  -0.491686
  -0.333501
  -0.171162
  -0.494561
   0.561967
   0.322755
  0.0945773
     0.4995
   0.325179
   0.318841
  -0.257381
   0.228103
   0.428798
   0.270564
  -0.035032
  -0.525818
  0.0126084
  -0.070164
 -0.0995919
 -0.0693022
    0.24079
   0.366037
  0.0287524
   0.113047
   0.468441
 -0.0413139
  -0.173526
   0.259648
   0.330033
  -0.182594
   0.341282
    0.17175
   -0.14158
   0.385294
  -0.471017
 -0.0688958
 -0.0744441
   0.250979
  -0.341567
  -0.541314
   0.921849
  0.0298096
  -0.112178
  -0.121478
  -0.376385
  0.0705552
 0.00423673
   0.570346
 -0.0326946
  -0.476149
 -0.0390241
   0.093464
   0.190228
   0.113893
  0.0385671
 -0.0469987
  -0.149177
    0.16069
   0.345284
  -0.333421
   0.122098
   0.237763
  -0.304591
  0.0640484
   0.368019
   0.149602
  0.0304352
   0.249108
   0.456078
   0.214752
  -0.404772
  -0.238239
  0.0443958
 -0.0192089
   0.561318
   0.202483
   -0.25541
   0.882795
   0.414244
 -0.0850852
   0.346752
   0.251116
   0.243675
 -0.0794261
 -0.0576337
  -0.371238
  -0.080933
  0.0122264
  -0.383809
 -0.0878544
  -0.894021
   0.539015
  -0.445058
  -0.523823
    0.38852
   0.209024
   0.336659
  -0.104435
   0.393137
  -0.260721
  -0.511254
   0.239671
  -0.827397
   0.353892
  -0.867763
    0.50283
  -0.482149
    0.44761
  -0.107759
 -0.0604074
   0.362917
  -0.495969
   0.470907
   0.735935
   0.156491
   -0.23587
    0.84416
   0.561834
   0.176123
  -0.033107
    0.18049
  -0.254256
  -0.616783
  -0.464705
  -0.323414
  -0.394216
   0.172458
   0.579952
  -0.100987
 0.00250233
  -0.442844
    0.45809
   0.145539
    0.38819
  -0.266324
  0.0558381
  -0.474671
   0.328618
   0.276965
  -0.423809
  -0.658812
  -0.332504
  -0.401231
 -0.0167499
  0.0324041
  -0.103025
  -0.684708
  0.0916061
   0.454288
  -0.201157
    0.31406
   0.685023
  -0.482506
   0.825835
  -0.344994
 -0.0506076
   0.254921
   0.275768
  -0.840028
  -0.309117
  0.0183764
   -0.81527
   0.200387
   0.789656
 -0.0592225
  -0.238076
   0.302165
  0.0987453
   0.309127
  -0.711456
  -0.851645
  0.0314901
  0.0657242
  -0.732558
  -0.168724
  -0.860244
   0.242409
  -0.158382
   0.150988
  -0.159867
   0.712935
   0.731236
   0.521968
   0.390207
  -0.678324
    0.45341
    0.24992
   0.497147
  -0.389744
   0.455892
  -0.595021
   -0.19252
  -0.404108
  -0.231313
  -0.596704
  -0.243344
    0.24308
 -0.0918617
 -0.0538887
   0.226375
  0.0370409
 -0.0940991
   0.528283
   0.621665
  -0.346407
   0.795397
    0.12169
  -0.145857
   0.173198
  -0.229496
  -0.254614
   0.412347
   -1.01051
   0.494412
  -0.531597
   0.713505
    0.20977
   0.700223
   -0.53122
  0.0704341
 -0.0940019
  -0.321552
   0.599682
   -0.17267
 -0.0414373
 -0.0040217
   0.825385
  -0.878005
  -0.139596
  -0.759874
   0.269972
   0.203932
 -0.0197274
   0.344703
  0.0335495
   0.104357
   0.412517
  -0.305947
    0.81968
  -0.180816
  0.0155032
  -0.426955
  0.0828269
  -0.182088
  -0.934856