   -0.384229
    -0.23568
   -0.404335
     -0.3904
   -0.187742
  -0.0491587
   -0.121787
  -0.0828875
   -0.280909
   -0.307557
   0.0089635
   -0.277141
  -0.0949796
    0.203267
    0.234862
   -0.436066
   0.0130304
  0.00803384
   -0.142897
   -0.327077
  -0.0266643
   -0.052363
    0.202201
    0.215091
   -0.110989
    0.109285
   -0.422034
   -0.521004
   -0.157536
   -0.222825
    0.146489
  -0.0990199
   0.0194047
   -0.217815
   -0.225479
   -0.404942
   -0.221671
   -0.233399
   0.0295571
  -0.0073082
   -0.244204
  -0.0183577
   -0.489881
   -0.263118
   -0.676545
    -0.37137
   -0.182766
   -0.413834
    -0.50032
  -0.0712544
  -0.0237558
   0.0132979
   -0.988351
   -0.160937
   -0.276038
   -0.224971
   -0.337056
    -0.67718
    -0.12055
   -0.348883
    -0.16632
    0.218574
   -0.240415
   -0.570864
    0.208304
   -0.225988
   0.0156103
   -0.218601
   -0.413434
   0.0283016
   -0.135386
   -0.124895
    0.386828
   -0.348155
   0.0416587
   -0.400354
   0.0841186
    0.627813
     0.13272
  -0.0454676
    0.183701
   -0.417303
   0.0301096
    0.212048
   -0.122851
 -0.00120736
   -0.545317
     -0.1798
  -0.0418682
   -0.156598
   -0.504941
   -0.435091
   -0.331245
     -0.3917
   -0.243277
  0.00386694
   -0.333778
   -0.205206
   0.0473386
   -0.424077
   0.0087184
  -0.0946757
   -0.212987
   -0.192811
   -0.546226
   -0.348718
   -0.289737
  0.00832804
    -0.27716
 0.000474226
  -0.0842253
  -0.0523856
   -0.076336
  -0.0990638
   -0.304385
   -0.569958
   -0.163145
     0.25211
  -0.0289485
   0.0966167
   -0.390036
   -0.202654
    0.276662
  -0.0494656
   0.0594791
   -0.190518
    0.202281
   -0.368018
  -0.0592976
   0.0928972
   -0.296337
   0.0449059
    -0.50938
   -0.324855
   -0.117384
  -0.0567376
  -0.0358565
 0.000499704
   -0.271258
  -0.0622892
    -0.31483
   -0.668889
  -0.0914485
   -0.460692
   -0.145384
   -0.430181
   -0.215354
    0.226931
  -0.0760232
   -0.223185
   -0.369816
   -0.255628
  -0.0701176
   0.0667532
 -0.00900716
  -0.0145201
   -0.362849
  -0.0566429
   -0.167926
   0.0490283
   -0.133918
   -0.667634
   -0.010539
   0.0230841
   -0.399568
  -0.0833281
  0.00683628
    0.179832
   -0.292708
   -0.317088
  -0.0465586
   -0.443964
   -0.610535
   -0.360979
   -0.196506
    0.276199
   -0.506734
  -0.0302094
   -0.175461
   -0.470549
    0.147998
   -0.994396
  -0.0500136
   -0.233285
    0.027201
   -0.227503
   -0.326547
   -0.186865
    0.773763
   -0.186829
   -0.145167
   -0.076771
   -0.347787
   0.0265257
   -0.231498
    0.133779
    0.146012
   -0.379765
   -0.172549
   -0.213402
   -0.852587
   -0.579204
    0.191724
    0.131391
     0.12986
   -0.097301
   -0.303232
   0.0303721
   -0.117871
   -0.177754
   0.0248145
   -0.433842
   -0.301341
    0.123694
   -0.330192
    0.032851
   -0.246886
   -0.261945
    0.223354
   -0.149572
    0.118328
   -0.498922
   -0.138182
    0.373767
    0.351743
 -0.00563233
   -0.276228
   -0.270202
   -0.577842
  -0.0782617
   -0.300175
   -0.511711
   -0.333062
  -0.0443685
   -0.247772
    -0.33849
  -0.0235059
     0.24964
    0.196529
  -0.0778125
   -0.229491
   -0.131955
   -0.075598
    0.096731
   0.0390304
    0.695873
   -0.447826
   -0.246486
  -0.0442667
    0.108824
    0.206864
    0.250039
    -0.14506
   -0.223347
   -0.300378
   -0.392621
   -0.176356
   -0.441341
   -0.250327
   -0.386981
    -0.36703
  -0.0407497
    -0.29056
   -0.133205
   -0.189766
   -0.458581
   -0.272091
   0.0921409
   -0.123606
  0.00743871
    0.271554
    -0.06848
   -0.215072
   -0.462869
   -0.482868
  -0.0184406
   0.0810845
   -0.191991
   -0.103057
   -0.584406
   -0.332996
  -0.0151213
   -0.298225
   -0.404434
   -0.144394
   -0.167016
   -0.548798
     0.32252
   -0.366956
   -0.276624
   -0.202651
   0.0854241
  -0.0216775
   -0.160729
   -0.454299
  -0.0881097
   0.0468574
  -0.0928789
     -0.6366
    0.110373
   -0.521903
  -0.0640452
   -0.403531
   -0.245759
   -0.263183
    0.252671
   -0.378893
    0.775844
   -0.536544
    0.143813
   -0.538946
  -0.0631211
   -0.450009
   -0.382992
    0.281428
   -0.214322
   -0.368647
   -0.205747
  -0.0914443
    0.142315
    0.219934
   0.0163239
  -0.0459993
   -0.645029
    0.327128
    0.237218
   -0.188454
    0.117226
   -0.198403
  -0.0431061
   -0.122413
   -0.857956
  -0.0672119
   0.0741619
   -0.627845
   0.0489388
    0.369909
   -0.301362
   -0.318133
   -0.766997
   -0.300415
   -0.272281
   -0.176825
    -0.45361
   0.0737924
   -0.256017
    0.124048
    -1.07752
    0.298308
  -0.0205738
   -0.125768
  -0.0539033
   -0.435886
  -0.0949883
  -0.0372268
   -0.917935
   -0.991119
   -0.178448
   -0.306679
   -0.474508
   -0.406973
   -0.110228
   0.0917422
  -0.0326286
   -0.324666
    0.207685
   -0.270325
   -0.060465
    -0.12143
    0.122073
   -0.150885
 -0.00218677
   -0.783218
   -0.220828
      0.4017
    0.574392
   -0.515735
    0.130128
   -0.217436
    0.444354
   -0.403944
    0.071443
   -0.250618
   -0.196957
   0.0381021
   -0.135567
  0.00893423
     0.20944
    0.148409
   -0.284749
   -0.243317
   -0.137462
    0.148965
   -0.353554
    0.428954
   -0.531405
 -0.00731614
    -0.53916
    0.487115
   -0.398897
   -0.225637
   0.0921421
    0.507852
   -0.494502
   -0.624409
   -0.243172
    0.565222
   -0.249572
   -0.136479
    0.576013
   0.0593038
   -0.171752
   -0.229505
   -0.484923
   -0.315043
   0.0522799
   0.0740867
   0.0521581
   -0.199354
   -0.292022
    0.261273
   -0.520777
   -0.414472
   -0.324053
   -0.355236
   -0.312265
   -0.244831
  -0.0198184
   -0.190327
    -0.49007
   -0.531018
 -0.00962151
     0.33982
   -0.324561
   0.0874074
   0.0745647
     -0.4699
   -0.488889
   -0.116632
   -0.197861
  -0.0699421
    0.390729
    0.301166
  -0.0892706
    0.342753
  -0.0845372
    0.693178
    -0.21044
   -0.521057
   -0.114293
   -0.379401
  -0.0111086
    0.195769
   -0.232373
   -0.253011
   -0.369823
   -0.338591
   -0.151742
     0.21731
   0.0107193
   -0.104636
   -0.182704
   -0.246162
   -0.178983
   -0.384752
   -0.184118
    0.515413
   -0.107564
    0.135336
   0.0876439
   -0.165095
   -0.200166
   -0.276743
   -0.523953
   -0.708378
  -0.0446354
   -0.459057
   -0.243894
   0.0117126
    0.190196
   -0.456195
  -0.0120077
    -0.13988
   -0.189563
    -0.13069
   0.0393803
   -0.662341
   -0.366321
 0.000501168
   -0.365791
    -0.22259
   -0.577175
    -0.00962
    0.344964
   -0.283121
    -0.31809
   -0.165265
   -0.196448
   -0.685756
   -0.358932
   0.0422102
    -0.28769
   -0.213568
   -0.185383
   -0.527355
  -0.0589614
 9.66005e-05
   -0.211158
   -0.150896
   0.0174834
 -0.00415777
    -0.07192
   -0.310013
   0.0619471
    -0.46888
 -0.00200153
    0.015547
  -0.0471309
  -0.0238032
   0.0425915
   -0.422562
   -0.022508
   0.0798069
    0.271225
  -0.0689884
    0.481284
  -0.0818653
   -0.771364
   -0.203057
   0.0209143
    0.292158
   -0.344199
    0.215577
   -0.100414
   -0.275534
   -0.274326
   -0.272966
   0.0778535
   -0.277061
   -0.315273
   -0.273019
    0.236219
   -0.437385
  -0.0534897
    0.135515
   -0.152491
   -0.558421
   -0.499694
    -0.52882
   -0.113174
  -0.0934771
   -0.190616
   -0.116157
   -0.202914
   -0.307423
   0.0323949
   -0.185565
   -0.764037
   0.0484587
   -0.349352
  -0.0192734
   0.0128785
   -0.209838
    0.142817
  -0.0299102
   -0.338329
   -0.157506
   -0.127962
   -0.363704
   -0.370287
  -0.0611052
   -0.297522
    0.530561
   -0.408128
  -0.0891983
    0.126589
   0.0119968
      1.0181
    0.312462
   0.0119322
   0.0874382
   -0.642899
   -0.127497
    0.510169
   -0.284305
   0.0206698
   -0.646801
    -0.25274
  -0.0907379
   -0.106259
   -0.365092
    0.116095
   -0.332147
   -0.343877
   -0.256868
   -0.311098
   -0.339159
   -0.347483
   -0.077687
   -0.239556
  -0.0113224
   -0.500032
    -0.26145
   -0.243483
   -0.156262
   -0.406665
   -0.093083
    0.264997
   -0.289775
    0.109959
    0.385887
  -0.0034399
   -0.187664
   -0.390125
   -0.147522
   -0.376423
   -0.103134
     0.64406
   -0.179251
    0.361623
   -0.314981
     0.18539
    0.485078
   0.0152783
    0.153114
  -0.0108136
   -0.217423
   -0.251746
  0.00354453
   -0.134293
   -0.270099
   -0.298256
   -0.411688
   -0.222292
  -0.0593964
    -0.26452
 -0.00857509
  -0.0705403
    0.097465
    0.150483
  -0.0859868
    -0.65107
    0.165491
   -0.785095
    0.141763
    0.041815
   -0.530297
    0.325863
-0.000901265
    0.390546
    -0.16172
   -0.503303
   -0.230802
  0.00692064
   -0.176853
   -0.241873
    -0.33557
    -0.25095
   -0.371727
   0.0600719
   -0.395913
   -0.565825
  -0.0142835
  -0.0711093
   -0.191418
   -0.102997
  -0.0595964
    0.206065
    0.087686
   -0.312306
   -0.380489
   -0.289445
   -0.584364
   -0.337634
   -0.400941
   -0.162059
   -0.115573
    0.160276
   -0.294279
  -0.0854133
    0.132316
   0.0706526
    0.153722
   -0.392173
  -0.0646018
   -0.284478
   0.0243983
   -0.506748
     0.99369
  -0.0991894
   -0.256281
    0.322534
   -0.347236
   -0.211612
   -0.220808
    0.154598
   0.0462207
    -0.25931
    0.110166
   -0.299129
     0.60697
   -0.121394
   -0.171576
    0.127421
   -0.048519
   -0.327894
   -0.399675
    0.080705
     0.01931
     0.16316
  -0.0296113
   -0.313952
    -0.47032
    0.245221
   -0.356147
   -0.148719
   0.0782607
  -0.0665576
    0.309128
   -0.491342
  -0.0104835
   -0.314748
   -0.918802
  -0.0411769
    0.222711
    0.143608
   -0.228987
    -0.19615
   -0.463564
   0.0498171
     0.16015
  -0.0406227
   -0.265687
    0.150489
  0.00519759
   -0.237328
  -0.0482436
    0.147176
    0.187149
  -0.0119526
   0.0055412
     -0.3361
   -0.277391
  -0.0182942
    0.187815
     1.01732
   -0.471679
   -0.610911
   -0.174195
    0.406059
    0.145919
  -0.0857721
   -0.216057
   -0.321397
   0.0958431
   -0.169612
   -0.144394
   -0.307259
   -0.295523
   -0.486189
   -0.162969
   0.0574126
   -0.556863
  -0.0719234
   -0.468367
   -0.536152
   0.0706621
    0.181044
   -0.335902
 -0.00533534
   0.0629972
   0.0408814
 0.000374955
    0.198335
   -0.183608
   -0.281032
  -0.0889514
    -0.18584
    0.033802
   -0.295216
     -0.2704
   -0.193495
   0.0148525
   0.0130063
   -0.116937
   0.0909887
    -0.33738
   0.0757897
   -0.609407
   -0.319198
   -0.254556
    0.378797
   -0.192833
    0.038689
   -0.351206
   -0.259142
    0.207795
 -0.00574962
   -0.482989
    0.202972
    -0.43682
  -0.0725478
 -0.00476602
   -0.193269
  -0.0532146
    0.272259
    -0.31669
    0.496885
   -0.320224
    0.559904
   -0.505133
  -0.0596921
   -0.147956
   -0.384411
    0.971069
    0.121915
  -0.0822408
   0.0103018
   -0.365466
   -0.120804
   -0.011098
    0.393341
   -0.232683
   -0.337023
    0.159896
    0.126481
    0.139304
     1.52958
-0.000862701
   -0.111309
   0.0796695
    0.300127
   0.0373065
  -0.0194942
   -0.223495
   -0.124772
    0.158524
   -0.298614
    0.215369
   -0.350455
   0.0584106
    0.276568
   -0.287428
   -0.493992
  -0.0617501
   -0.459145
 -0.00211854
    0.187329
   0.0870246
   -0.393274
   -0.231269
   -0.243854
   0.0905324
   -0.253246
  -0.0583215
   -0.935239
   -0.642578
   -0.189411
   -0.367945
  -0.0025312
  -0.0766703
    -0.27293
   0.0346501
   -0.420981
   -0.316271
    0.252229
  -0.0294762
    -0.29273
   -0.135304
    -0.21708
   -0.336957
  -0.0911004
   -0.240098
    0.184932
    0.180833
    0.331527
   -0.521262
   0.0711919
   -0.034785
    0.167273
   -0.333083
    0.104486
    0.156818
   -0.268581
    0.320933
   0.0606719
   -0.370707
    0.425668
    0.171288
   -0.125363
   -0.348775
   -0.157506
    0.389542
   -0.564178
    0.337205
 -0.00139284
  -0.0774744
   -0.504104
    0.623913
   -0.242815
    0.305448
    0.268162
    0.603429
   -0.743055
   -0.200932
     -0.6378
    0.642562
    -0.37661
   -0.123253
     0.66875
    0.496844
   -0.196387
   -0.320414
   -0.206016
   -0.155246
    0.237892
   0.0255611
    0.177786
   -0.125384
    -0.12049
    0.112797
   -0.188935
   0.0132658
    -0.29311
    -0.27298
   -0.562382
    0.245234
    0.372819
  -0.0379621
   -0.435041
   0.0135777
     0.12984
    0.164825
    0.172683
   0.0656085
   0.0794852
   -0.219994
   0.0170932
   -0.385247
     -0.1451
   -0.525997
  0.00626538
    0.322135
   0.0659578
    0.222991
   -0.522825
      1.0661
    0.114422
  -0.0995646
    0.145195
    0.110297
   -0.195949
    0.168338
   -0.322663
  -0.0235174
   -0.372726
   -0.280688
   0.0734961
    0.636583
    0.131235
   -0.114214
   0.0623245
    -0.26979
   -0.252557
   -0.371066
   -0.165169
    0.012419
   -0.466773
    0.318634
   0.0611136
   0.0536752
   -0.104785
   0.0362551
   -0.326492
   -0.282364
  -0.0710631
   -0.440051
   -0.222665
   -0.186435
     0.29811
   -0.499528
   -0.914871
  -0.0387812
   -0.611552
   -0.104876
   -0.405224
   -0.120578
   -0.237181
    0.251504
   -0.186969
   -0.118949
   -0.487925
    0.193142
  -0.0430076
   0.0543246
   -0.332213
   -0.123651
  -0.0759583
    0.197479
  -0.0983782
    0.738361
    0.147931
     0.49261
    0.430813
    0.271551
    0.644707
    0.563035
    0.433886
    0.397955
    0.345785
    0.238441
     0.20361
    0.432338
    0.367708
    0.565427
    0.353081
    0.394698
    0.617052
     0.29176
    0.482246
    0.675836
    0.327798
    0.220548
    0.410151
    0.644977
    0.696032
    0.812132
    0.124243
     0.10395
    0.328006
     1.07393
    0.218453
    0.442517
    0.325292
     0.16804
    0.573868
    0.820842
    0.450764
  -0.0663714
    0.281634
    0.306572
    0.300938
    0.496423
    0.236763
    0.597651
    0.303347
    0.405222
    0.124247
   -0.101124
   0.0664768
    0.689566
    0.499252
    0.867533
    0.341159
     0.75451
     0.70982
    0.559081
    0.379321
    0.660908
    0.420086
    0.686217
    0.596404
    0.585165
    0.312821
    0.500304
    0.130948
    0.486741
    0.596249
    0.533252
     0.56383
    0.634729
    0.397694
    0.641141
    0.338433
    0.861931
     0.75067
     1.07206
     1.21979
    0.177763
    0.619719
    0.289214
    0.419244
    0.609731
    0.453516
    0.234696
    0.324842
    0.640489
    0.698096
    0.614855
    0.528998
    0.630298
    0.758395
     0.47513
    0.497872
    0.495914
    0.437037
    0.310542
    0.509674
    0.419377
    0.197475
    0.551908
    0.209617
    0.583447
    0.231549
    0.558856
    0.375188
    0.404805
    0.913318
    0.601183
    0.822444
    0.151274
    0.397803
    0.799986
    0.672802
     0.48465
    0.415358
    0.340021
    0.296352
    0.480696
    0.710542
    0.394575
    0.451611
    0.495512
    0.364116
    0.726635
    0.897844
    0.542858
    0.854576
    0.732874
    0.467892
    0.491192
    0.218555
   0.0592662
    0.566566
    0.454933
    0.498913
    0.124975
    0.840172
    0.544783
    0.261068
    0.221308
  -0.0163226
     0.85892
    0.502792
    0.728642
    0.108141
    0.454297
     1.10987
    0.670271
    0.403633
     0.39543
    0.143891
    0.441489
    0.229119
    0.554669
    0.407592
   0.0607583
    0.186996
    0.268812
    0.902175
    0.593782
    0.602162
    0.324677
    0.483152
    0.706881
    0.174956
    0.624239
     1.13796
     0.50327
    0.779283
    0.468811
    0.391274
    0.567185
    0.458008
    0.708569
    0.454197
      0.2646
    0.539262
     1.00332
    0.294213
    0.513378
     1.12387
     0.46025
    0.498603
     0.40711
    0.345789
    0.515402
    0.576138
      1.5448
 -0.00287336
    0.472257
    0.915011
    0.460197
    0.707489
    0.595674
    0.265331
    0.302311
    0.157262
   -0.060696
    0.580909
     1.13598
    0.670814
    0.467436
    0.634347
    0.434508
   0.0921523
    0.318089
     0.58921
     0.17784
    0.557511
    0.443995
    0.431159
    0.262225
    0.750872
    0.253971
     0.59644
    0.644717
     0.51761
    0.886725
    0.170331
    0.504161
    0.498976
    0.791705
    0.586176
    0.487362
    0.394453
     0.75615
    0.514082
   0.0734592
     1.23101
    0.738928
    0.657588
    0.343049
    0.534083
    0.511364
    0.265963
    0.566058
   0.0158884
    0.584809
    0.264803
    0.326774
     0.62953
    0.690523
     0.44197
     0.39366
     1.16875
    0.369415
   0.0349014
    0.214169
     1.06921
    0.432957
    0.253144
   -0.101733
    0.382193
    0.481032
    0.640409
    0.359745
    0.846626
    0.122064
    0.442442
    0.547435
    0.269128
    0.374679
    0.316687
    0.353533
    0.532585
     0.66454
    0.560076
    0.507694
     0.42966
    0.665613
    0.231333
    0.337399
    0.577773
    0.636112
    0.660809
    0.549197
    0.572807
    0.545677
    0.447915
    0.880139
    0.613654
     0.61663
    0.441177
     0.32584
    0.549556
    0.437704
    0.583959
    0.574869
    0.509104
    0.750949
     0.61071
    0.283396
    0.582496
    0.389849
    0.417716
    0.413413
    0.714586
    0.338211
    0.713862
    0.516731
    0.560194
    0.231214
  0.00866563
   0.0826302
    0.621259
    0.429057
     1.59894
    0.378866
    0.308664
    0.681064
      0.2705
    0.651154
    0.370562
    0.928578
    0.163685
    0.325708
    0.124871
    0.542888
    0.721158
    0.367797
    0.628771
    0.164295
    0.254458
    0.858364
    0.940507
    0.311684
     1.82196
     0.44469
    0.114479
    0.468499
   0.0418824
     0.57463
    0.933706
   0.0909986
    0.370085
     0.13908
    0.276813
    0.471542
   -0.271151
    0.610047
    0.894958
    0.273352
    0.331235
    0.211437
    0.651587
    0.638625
     1.22387
    0.869899
     0.29107
    0.521849
    0.593055
    0.682924
    0.557476
    0.502905
    0.648218
    0.588438
    0.849362
    0.373702
    0.305821
    0.185564
    0.249404
    0.440848
    0.478082
   0.0815976
    0.371902
    0.665762
    0.617467
     0.42522
    0.451318
    0.499593
    0.293424
    0.600121
    0.751801
    0.354695
    0.811455
    0.606878
    0.418625
     0.43731
    0.311719
     0.51345
    0.448442
    0.840464
    0.438076
    0.545496
    0.690806
    0.519334
    0.824598
    0.755143
    0.740509
    0.410252
    0.644968
     1.38806
    0.431015
    0.428298
    0.755137
    0.549471
    0.579894
    0.887127
  -0.0453519
    0.204633
    0.700862
    0.442678
    0.462912
      0.1512
    0.304153
     0.93677
    0.375142
    0.208386
     1.13623
    0.571659
    0.571919
    0.466873
    0.355133
    0.724678
    0.516111
    0.684713
    0.214497
    0.711634
    0.433345
    0.435493
    0.165388
     0.35554
    0.471039
    0.630778
    0.302534
     0.78048
    0.565568
    0.457472
    0.703594
    0.745972
    0.333305
    0.647492
    0.830156
    0.691746
    0.510355
    0.422312
    0.481763
   0.0470982
    0.193396
    0.298312
    0.305298
    0.593019
    0.483922
    0.650996
    0.255302
     1.04639
    0.370919
    0.655582
    0.477547
    0.462982
    0.159028
    0.273472
    0.629312
 -0.00413311
    0.513465
    0.403538
     0.66049
    0.776666
    0.681471
    0.174917
    0.409348
    0.610119
    0.312421
   -0.208485
    0.232914
    0.944574
    0.423338
    0.108674
    0.447888
    0.649958
     0.40677
    0.590465
     0.10895
    0.698861
     0.36032
    0.612477
    0.350741
    0.626382
    0.667509
    0.306226
    0.531523
    0.437625
    0.476432
    0.387402
    0.115357
  -0.0349098
    0.651356
    0.195499
    0.872093
    0.585944
    0.563228
    0.594494
    0.935408
    0.335036
    0.847966
    0.559063
    0.733794
    0.929648
    0.713349
    0.148381
    -0.33062
   -0.252857
   -0.138838
   -0.463242
   -0.236261
       0.247
   -0.396851
    0.173048
    0.369287
   0.0167336
   -0.279009
    0.349251
    0.573807
    0.356357
   -0.146916
    0.263402
    -0.29965
    0.322929
 -0.00638709
    0.153998
   -0.179913
    0.243721
  -0.0544973
   -0.248479
   -0.696706
   0.0722698
  -0.0842371
    0.329407
     0.48398
    0.490605
    0.385626
    -0.42468
   -0.286967
  -0.0354973
     0.11558
    0.240257
   -0.102359
   0.0529074
   -0.379007
    0.318655
    0.143343
    0.202547
    0.355676
   -0.269968
    0.141392
    0.340314
   -0.152399
   -0.224764
   -0.221821
   -0.256539
   0.0920749
     0.62576
    0.178485
    -0.14097
    0.416035
   -0.173394
    0.234723
   -0.344123
   -0.126435
     0.22873
   -0.497821
   -0.244047
    0.185689
   -0.294982
  -0.0460283
   0.0842418
   -0.212764
   -0.373412
   0.0510839
   -0.551225
  -0.0107913
      0.1826
   -0.128088
    0.369368
   0.0627737
   -0.425989
    -1.04196
    0.277414
  -0.0126653
    0.280044
   -0.209734
  -0.0704556
   -0.833529
    0.503007
    -0.30018
  0.00658294
   -0.357339
    0.147009
    0.408721
    0.166906
    0.384047
    0.514029
    -0.19495
  -0.0905775
   0.0547792
    0.161121
   -0.176043
   -0.562449
     0.49636
    0.120729
   0.0815952
   0.0402088
    0.309109
   -0.409313
   0.0835955
    0.397839
    0.806683
    0.163894
    0.349795
    0.551796
    0.186178
    0.193791
  -0.0552089
   -0.308801
   -0.120934
  -0.0318596
    0.160164
  -0.0276244
   -0.613156
   -0.266281
    0.533401
   -0.621616
   -0.375575
    0.362592
    0.228148
   -0.109103
 -0.00424156
    0.375887
   0.0102892
   -0.169077
   -0.288859
    0.027423
    -0.50385
    -0.49623
   0.0336193
    0.372534
   -0.301232
  0.00862326
   -0.319737
     0.10536
  -0.0339394
   -0.092925
  -0.0921373
    0.146683
    -0.17061
   0.0929177
   -0.701826
    -0.25187
    0.334598
   -0.111255
    0.331492
   -0.335787
    0.378874
    0.199542
    0.279328
  -0.0270774
    0.191064
    0.282646
   -0.731192
   0.0137834
   -0.113588
    0.650147
    0.247227
   -0.450351
    0.158318
    -0.25835
 -0.00664615
 -0.00802735
    0.117517
    0.305058
   -0.287359
   -0.218525
  0.00251038
   -0.284404
   -0.270157
   -0.152979
    0.197672
   -0.313049
   0.0745896
   -0.573761
    0.082364
   -0.678963
    0.141329
   -0.111858
   -0.114353
  0.00127583
   0.0659774
   -0.799461
   -0.152694
 -0.00757654
   -0.337573
   -0.164497
   -0.242676
   -0.133531
   -0.340778
  -0.0127812
    0.375381
   -0.101264
   -0.317354
  -0.0557636
    0.387794
    0.109193
   0.0382236
   -0.257023
 -0.00810404
   0.0685738
    0.378839
  -0.0133881
   -0.468714
   -0.181954
    0.413916
   -0.321047
    0.509365
     0.25354
   -0.310663
   -0.515842
    0.104622
    0.588762
    0.346401
    0.109472
   -0.318291
   -0.443179
   -0.292644
   0.0151155
 -0.00826948
   0.0926009
    0.461798
   0.0552373
    0.102756
  -0.0846148
    0.176508
   -0.204098
   -0.409008
    0.362359
   0.0462804
    0.153405
   0.0690656
    0.664343
    0.297041
   -0.114124
    0.287612
    0.150191
   -0.579196
   -0.276674
    0.678819
  -0.0681253
    0.182705
  -0.0224206
     0.75863
    0.315435
   0.0281926
   -0.403034
   -0.134543
   -0.682175
   -0.101672
   -0.399607
   -0.162233
    0.293088
   0.0441942
   0.0139382
   -0.444969
   -0.245887
 -0.00461461
    -0.42319
   0.0519917
    0.395343
    -0.33347
     0.64263
 -0.00477645
    0.558735
   -0.431169
    0.196881
   -0.166633
    0.233383
  -0.0583862
   -0.248982
    0.416612
   -0.328796
    0.346683
   -0.478187
    -0.34827
    0.330411
     0.16855
   -0.532881
     0.58718
    0.216055
     0.27491
     0.18015
   -0.149344
    0.220039
   -0.585177
    0.155873
    0.634368
   -0.209589
   -0.135241
   -0.183407
   -0.159524
   -0.279601
    0.216994
  -0.0255048
    0.658125
    0.353618
  -0.0365621
   -0.310822
   -0.405952
   -0.327288
    0.217158
    0.151948
    0.862539
  -0.0650929
    0.616382
    0.729598
   -0.223118
   -0.167599
   0.0548662
    0.156156
    -0.28391
    0.235004
   -0.215122
   -0.128247
 -0.00676033
   0.0605469
      0.1051
   -0.635044
    -0.35557
    -0.29721
    0.810308
    0.379433
     0.17201
   -0.223978
    0.792872
    0.517379
   -0.149083
   0.0180644
   -0.436526
  -0.0153795
   -0.132922
    0.188989
     0.42356
   0.0172538
      0.1703
   -0.251125
  -0.0150016
   -0.100126
   -0.213603
  -0.0407427
  -0.0921855
    0.210224
   -0.557535
    0.144943
    0.378672
    0.337245
   0.0248057
   -0.598232
   0.0787997
  -0.0182295
  -0.0827966
  -0.0581971
   -0.452337
   -0.124031
   -0.140771
   -0.495116
   0.0605743
   -0.155504
    0.508458
   0.0425787
    0.237205
  0.00728998
    0.177806
   -0.572029
    -0.58525
     0.29788
    0.370168
    0.112312
   -0.416592
   -0.110154
    -0.50066
   -0.124047
   -0.132921
 -0.00902535
   -0.078546
   -0.269799
   -0.227974
    0.352492
    0.246853
   -0.131323
   -0.581545
   -0.832945
   -0.488989
  -0.0699575
    0.195765
    0.823652
    0.162917
    0.383971
    0.423515
   -0.239329
    0.136852
    0.677254
    0.203475
   -0.167462
    0.107334
   -0.580128
-0.000324853
    0.185758
   -0.185599
   -0.686089
    0.339572
   0.0997804
   -0.625094
     -0.6675
    0.153112
  -0.0313885
   -0.280119
  -0.0811507
   -0.296889
   -0.166001
    0.409546
   0.0854988
   0.0933051
 -0.00436012
    0.115291
    -0.28366
  -0.0848424
  -0.0275149
    0.075862
   -0.588667
   -0.177451
    0.171268
    0.183346
    0.269025
   0.0360533
   -0.559585
   -0.228676
   0.0899013
    0.135375
   0.0973998
    0.235755
   -0.465417
   -0.145516
    0.289373
    -0.41018
   -0.340548
   -0.462466
   -0.054756
   0.0836743
    -1.07462
    0.142173
   0.0539125
  0.00778229
   -0.476787
    0.169816
   -0.183183
   -0.368755
   -0.298564
   -0.103345
  -0.0743227
   0.0177459
    0.624806
    0.572529
  -0.0178778
   -0.267041
   -0.286897
    0.130272
   0.0581671
      0.6602
   -0.566115
  -0.0742815
    0.348678
    0.298759
    0.262973
     0.46647
    0.324824
    -0.24588
    -0.15038
    0.266581
    0.101389
   -0.718628
    0.185411
    0.139978
   0.0747209
    -0.37914
    -0.36051
   -0.315053
   -0.222922
    0.100155
    0.335465
    0.021022
    -0.19062
   0.0852279
    0.886775
    0.571753
    0.402737
    0.367128
    0.048838
   -0.233769
   0.0375094
    0.296906
   -0.474834
   -0.740388