  -0.364761
 -0.0245937
 -0.0653456
  -0.129586
  -0.298871
  -0.717797
   0.543252
   0.200577
  -0.369654
   0.431609
  -0.119993
   0.223634
   -0.45423
   0.267607
 -0.0695318
 -0.0213346
    0.29055
 -0.0321417
    0.51377
   -0.11694
   0.162664
  -0.154267
  -0.662544
   -0.50309
   0.952096
   0.159723
   0.261575
  -0.255483
 -0.0995535
  -0.706807
-0.00342562
 -0.0134039
   0.494871
   0.233503
 -0.0534482
  -0.124621
   0.399513
  -0.653706
  -0.291663
  -0.364138
   0.288251
  -0.633183
  0.0272761
   0.168325
 -0.0746054
   0.302107
  -0.599541
  -0.105645
  -0.512828
   -0.22355
  -0.509414
  -0.160759
   0.167898
  -0.668902
  0.0495101
   0.582199
   0.240915
  0.0310391
  -0.360833
   0.203342
  -0.820438
 -0.0953437
  -0.317601
   0.149975
 -0.0676428
 -0.0939601
  -0.199589
  -0.208463
   0.501141
  -0.536249
   0.510513
 -0.0895302
  0.0177305
   -0.39113
   0.212063
 -0.0413616
  0.0547927
  -0.475189
  -0.930819
  0.0512518
  -0.354466
  -0.463432
  -0.174056
  -0.423537
  -0.266935
  -0.145426
   0.099816
   0.265205
   0.120349
  -0.546039
   0.200348
 -0.0829674
   0.103457
  -0.515635
  -0.675905
   0.047431
  -0.235458
  -0.326661
  -0.108108
   0.557442
   0.375165
   0.312021
   0.183336
  -0.644748
   -0.28947
 0.00428147
   0.275899
  -0.648689
  -0.389653
  0.0985525
     0.5505
 -0.0817065
  -0.411073
  -0.364429
  -0.187152
  -0.376021
  -0.160047
  -0.941245
  0.0864821
  -0.500384
  -0.209692
  0.0719602
  0.0399147
   0.322783
  -0.583115
  -0.256008
  -0.824057
 -0.0767649
  -0.349085
  -0.229927
   -0.79719
  -0.465638
  -0.222576
  -0.159496
  -0.190577
   -0.13972
  -0.170958
   0.014082
  -0.507407
   -1.21722
   0.216031
    -0.7459
    0.47497
  -0.313213
  -0.692529
  -0.747523
  -0.412597
   0.155079
  -0.420813
   0.236134
   0.218103
  -0.445213
  -0.502517
  -0.203141
   0.574213
  -0.651846
  -0.109428
  -0.483517
 -0.0186789
 -0.0824052
  0.0897729
  -0.136512
   0.259871
  -0.602497
  -0.531061
   0.340463
  0.0339523
  -0.170366
  -0.390859
  -0.288402
   0.710004
  -0.929916
   0.242221
  -0.121841
  0.0526741
  0.0211866
   0.277542
   0.306105
  -0.207674
  -0.419339
  -0.483679
  -0.381103
  0.0292794
   0.232911
  -0.810891
  -0.137955
   -0.30949
  0.0208596
  -0.457581
  0.0380392
  -0.389536
  -0.202836
  -0.367436
   0.245626
    0.47515
 -0.0561148
  -0.611383
   0.151267
  -0.189045
  -0.691705
   0.102802
  0.0843351
   0.119634
  -0.739142
  0.0244234
   0.541404
   0.125011
   0.132409
  -0.310665
 -0.0186079
  -0.124391
  -0.484452
   -0.13074
   0.213684
   0.443358
  -0.183763
  -0.149724
  -0.179258
  -0.749753
  0.0182174
  -0.444994
   -0.61136
  0.0180344
  -0.133455
   0.199595
   0.139069
 -0.0722101
  -0.215047
  -0.570884
  -0.363954
   0.466358
  -0.112085
   0.504821
   0.501295
  -0.268147
 -0.0446156
  -0.430443
   -1.06232
  -0.214442
  -0.316151
  -0.210834
  0.0407478
  -0.675629
  -0.210592
 -0.0732667
   0.261587
  -0.455168
 -0.0421687
  -0.134353
  -0.101578
  -0.270141
  0.0957851
  -0.531386
   -0.23594
  -0.470087
  -0.185108
  -0.044599
   0.220721
  -0.507158
   0.484225
   0.604637
  -0.239292
   0.531627
  -0.127848
  -0.139957
  -0.691612
 -0.0278758
  -0.514645
  -0.285446
  -0.201191
   -1.35674
-0.00350805
  -0.451202
  -0.597944
   -0.30918
   -0.42458
   0.279128
   0.214637
  0.0549258
  -0.420552
  0.0696642
  -0.338072
  0.0752398
   0.337635
  -0.664335
  -0.113653
  -0.412156
   0.144319
  -0.329413
  -0.286353
   0.016822
   0.348446
  -0.205913
  -0.324378
  -0.486559
  -0.567298
  -0.351446
  -0.380808
  -0.792621
  -0.280309
  -0.456666
  -0.270763
  -0.505676
    0.30317
 -0.0412743
  -0.386541
  0.0697015
  0.0739803
  0.0321568
  -0.425206
  -0.386411
  -0.481964
  -0.339067
   0.517398
   0.216693
    0.19503
  -0.347871
  -0.232059
  0.0890414
  -0.430777
   0.320324
   0.245867
   0.167696
    -1.0704
   0.083679
  -0.481421
   0.164363
  -0.386359
  0.0173425
  0.0824994
   0.235089
   0.124776
 -0.0983939
  -0.304784
  -0.180351
   0.436323
   0.391299
  -0.789781
  -0.187067
  -0.598434
  -0.466597
  0.0165467
  0.0262379
   0.395017
    0.28641
   0.380471
   0.459714
   0.300255
    0.07944
  -0.315944
 -0.0993943
    0.45152
  -0.681821
  -0.461354
   -0.22645
   -1.22083
  -0.467479
  -0.242109
  -0.150552
  -0.301679
   0.280092
  -0.506262
  -0.288872
  -0.142078
   0.193582
  -0.373651
    0.55265
   -0.85957
  -0.430813
  -0.190094
   0.513415
  -0.787605
  -0.619724
  0.0897176
  -0.220575
   -1.09518
  -0.196428
   0.344432
  -0.630938
   -0.34651
   0.294296
   -0.28413
   0.231339
  -0.659088
  -0.550337
   -1.11586
  -0.559304
  -0.184127
 -0.0722218
  -0.272479
   -0.57964
  -0.885881
  -0.561234
   0.120944
  -0.680379
  0.0210613
   0.187036
  -0.439289
  -0.273879
 -0.0364908
  -0.283265
  -0.209992
  -0.600502
  -0.044446
   0.162279
   0.952984
   0.432138
   -0.10946
 -0.0100137
   0.273229
   0.218088
  -0.127182
   0.129953
   0.515709
  -0.296052
 -0.0979421
  -0.133698
  -0.128385
   0.542937
  -0.142564
 -0.0272024
  -0.515107
  -0.367999
   0.147476
  -0.108741
  -0.304048
   0.235187
-0.00390521
  -0.151304
  -0.734852
  -0.131826
  -0.264394
   0.193223
   0.129519
   0.297371
    0.21274
   0.648277
  -0.398496
  -0.184164
  -0.482932
  -0.446604
  -0.254569
   0.512086
  -0.130721
   -0.26713
    0.28252
  -0.396759
  -0.399088
  -0.156244
  -0.245241
  -0.181219
  -0.161789
  -0.468594
   0.379266
   0.398185
    0.15796
   0.670846
   0.130341
 -0.0895992
  -0.804665
 -0.0244136
   -0.07035
  -0.238227
  -0.678128
   0.326128
 -0.0506931
 -0.0872855
  0.0407003
   0.615156
  -0.337357
 -0.0708308
 -0.0811645
   0.129793
   0.203803
   0.232068
  0.0302261
   0.139277
  -0.586628
   0.420979
  0.0810839
   0.380705
  0.0196386
  -0.480729
  -0.131637
  -0.246708
   0.269978
 -0.0820866
    0.57545
   0.229736
  -0.198821
   0.844434
   0.598781
   0.455403
 -0.0494149
  -0.853075
  -0.105175
   0.411026
  -0.242475
 -0.0452398
   0.535136
   0.608505
   0.457238
 -0.0493622
  -0.653771
  0.0768188
  -0.427502
   0.022471
  -0.801894
  -0.604714
-0.00619703
    1.10397
  -0.230076
  -0.320538
   0.148273
  -0.064085
   0.209798
   0.349672
  0.0385024
  0.0366417
 -0.0215093
  -0.488675
 0.00746003
 -0.0593724
   0.572705
 -0.0990231
  -0.234526
   -0.14833
  -0.408694
 0.00851576
  -0.682537
  -0.631537
  -0.408557
  -0.705225
   0.121561
   -0.52623
   0.629185
  -0.100171
  0.0689822
  -0.866249
  -0.865599
  0.0593659
  -0.868991
   0.289799
  -0.444625
  -0.415212
  -0.384803
  -0.598401
 -0.0767346
  -0.213733
   -0.12735
 -0.0852989
  0.0554194
-0.00502618
  -0.369276
    1.01528
   0.259861
  -0.464741
  -0.572663
   0.137941
   0.141322
  -0.350365
  -0.340129
  -0.414117
  -0.648179
   0.126617
  -0.065754
  -0.104198
   0.113531
  -0.546611
  -0.455466
    0.88328
  -0.648456
  -0.168462
  -0.400541
  -0.403023
 -0.0524313
   0.324697
   0.145669
  -0.347492
  -0.560644
  -0.362324
  -0.287945
   0.212266
 -0.0820516
   0.256684
 -0.0393671
   -0.54704
  -0.450985
 -0.0120774
  -0.361881
  -0.685032
  -0.153385
  -0.200325
   0.754341
   0.171071
   0.211712
  -0.595948
  0.0618161
  -0.189017
   0.582693
   0.166287
   0.525724
 -0.0353447
  -0.609813
  -0.139251
   -0.48311
-0.00151745
  -0.155474
  -0.552401
  -0.324947
  -0.711062
  -0.665331
 -0.0978229
   0.220966
   0.500089
  0.0539572
  -0.418713
-0.00116654
  -0.393188
  0.0232063
 -0.0218236
  -0.196944
   0.729775
  0.0944668
 -0.0239631
   0.142704
   0.490887
  -0.435815
  -0.218766
  -0.240264
    0.69398
  -0.324774
   0.695689
   0.456355
  0.0676311
  0.0221919
  -0.149618
 -0.0256791
  -0.200522
  -0.353152
  -0.163575
   0.230806
  -0.538871
  -0.850381
  -0.574127
   0.372704
  -0.371951
  -0.615063
  -0.507186
  -0.287877
  -0.410097
  -0.201355
   0.153785
  -0.539021
   0.385937
   0.374657
  -0.141585
  -0.142262
  0.0415708
   0.511467
  0.0215886
  -0.108116
   0.319521
  -0.268974
  0.0882619
  -0.175178
  -0.275365
   -0.27907
  -0.469194
  -0.294693
   -0.62858
  -0.428719
   0.474134
  -0.233437
  -0.506962
  -0.816934
  -0.065089
    0.29976
  -0.720399
 -0.0424762
   0.672183
  -0.377168
   0.492927
   0.187716
  -0.173776
   0.340878
  -0.183003
  0.0200865
    0.15309
   0.324602
   0.133675
  -0.192395
   0.523269
  -0.862019
  0.0267421
  -0.170796
   0.656964
 -0.0875808
   -0.53298
  -0.211842
   0.161195
   -0.34897
  -0.669486
  -0.104712
   -0.31172
  -0.743539
   0.316061
   0.380664
   0.287154
  -0.637385
  -0.211764
   -0.12481
 -0.0737727
   0.184026
  -0.300476
   0.581716
  -0.541274
  -0.609616
   0.203023
  -0.692644
  0.0189372
  0.0212628
-0.00905291
    -0.6173
   0.317685
   0.441042
  0.0899975
  -0.183407
   0.464532
 -0.0582468
    0.59719
   -0.48267
   -0.27084
 -0.0404969
  -0.321056
  -0.112455
    0.29038
  -0.332169
  -0.296993
   -0.47542
   -0.28036
  -0.287189
   0.130249
  -0.588011
    0.27409
  0.0767285
   0.126269
    0.18705
  0.0799894
  -0.661536
  -0.166734
   0.242939
   0.160171
  -0.183279
  -0.112556
   0.498832
    0.38474
  -0.113659
   0.214591
  -0.121617
   0.293479
  -0.305628
  -0.109403
  -0.473605
   0.293277
  -0.627406
   0.336193
  -0.578253
  -0.601848
  -0.406541
 0.00778472
  -0.264218
  -0.612589
     0.2407
  0.0122066
  -0.882635
 -0.0893117
   0.430156
  -0.552118
   0.176826
  -0.069594
  -0.147153
   0.293812
  -0.641572
  -0.224471
   -1.11651
  -0.487255
 -0.0144107
  -0.341346
  -0.235861
  0.0136744
   0.644148
 -0.0884027
   0.348546
  -0.796218
  -0.383697
   0.178329
  -0.558119
  -0.200686
  0.0121425
   0.239491
   -0.56701
   0.148817
   0.313203
 -0.0582179
   0.673175
   0.491277
   0.634471
     0.3576
    0.22404
  0.0189834
    0.38434
    0.46922
    0.56986
  -0.145746
  -0.139678
  -0.230225
   0.491947
   0.617484
  -0.108166
   0.382099
  -0.208175
   0.571172
   0.308237
   0.689433
   0.206951
   0.556212
  -0.206112
   0.261881
  0.0216876
   0.157355
   0.094644
   0.247679
   0.823071
 -0.0328119
   0.854671
   0.329946
   0.135161
  -0.257614
 -0.0867601
   0.395485
  0.0133263
   0.964136
   0.329132
   0.214697
  -0.410141
  -0.302223
    0.14602
   0.405802
   0.266315
   0.605475
  -0.062776
   0.314058
  -0.136729
   0.640051
   0.581459
  0.0661698
   0.434936
   0.450443
   0.124092
  -0.123203
   0.005532
  -0.304593
  -0.124551
   0.352502
   0.451994
  0.0761454
   0.329672
   0.382619
   0.347502
   0.784126
  0.0156884
   0.850056
   0.530846
     0.8074
   0.515543
  -0.229124
   0.358396
   0.365513
    0.74416
   0.524287
   0.447169
  0.0221586
   0.540383
   0.371784
   0.703497
   0.277137
   0.655338
   0.225331
  -0.304329
   0.409445
   0.173821
    0.33434
  0.0861452
   0.398378
   0.222737
   0.438481
   0.146792
   0.139519
   0.771058
  0.0537252
   0.630061
   0.127481
  -0.443599
   0.784209
  0.0562499
   0.509767
   0.142907
  0.0802258
   0.256232
   0.574945
   0.796742
   0.159719
  0.0406713
   0.410064
   0.183907
    0.14192
   0.584828
  0.0680895
   0.355225
    0.34457
   0.199882
    0.29576
   0.224564
   0.170721
   0.137107
   0.207838
   0.416731
   0.425742
  -0.355152
  -0.227791
   0.324445
   0.768103
   -0.34877
  0.0724046
   0.635204
  -0.108926
   0.519561
   0.472413
  -0.111379
   0.271042
  0.0425435
   0.386812
   0.536134
    0.11489
   0.339681
    0.34979
 -0.0319501
  0.0604969
   0.502936
   0.107851
   0.416853
   0.155875
  -0.128047
   0.487427
   0.048034
  -0.105326
   0.210117
  0.0960047
    0.52124
   0.551878
   0.394319
   0.204569
  -0.107086
   0.877749
   0.326776
   0.365583
   0.302773
  0.0688097
   0.447502
   -0.11799
   0.393652
  -0.020713
   0.296897
  -0.363239
   0.359937
   0.678908
   0.320672
  -0.320439
 -0.0101976
   0.518166
   0.349931
  -0.166373
  -0.224222
  -0.517273
    0.19521
   0.592199
  -0.207305
   0.293376
  0.0420094
   0.475903
   0.146703
  -0.155225
    0.57785
  -0.068533
   0.899377
   0.320459
   0.210453
   0.362647
   0.175978
   0.323905
   0.309641
   -0.28753
  -0.567703
   0.714436
   0.190323
   0.406161
   0.205183
  -0.129165
   0.365047
   0.277026
   0.385304
   0.413366
   0.301455
   0.209731
   0.142537
    0.74107
   0.308388
  0.0707723
   0.614999
   0.337394
   0.534455
   0.773624
   0.375607
   0.372508
   0.713351
   0.437864
   0.718058
   0.349978
 -0.0115784
   0.657287
  0.0830439
   0.412287
  -0.281357
  -0.422607
   0.469342
   0.502319
   0.563853
    0.30007
    0.30158
    0.12774
   0.202789
   0.344158
  -0.376812
 -0.0218204
   0.526445
   0.488911
  0.0806011
     0.2161
  0.0509604
   0.417261
   0.362921
-0.00826044
   0.959842
 -0.0454772
  -0.026845
 -0.0163619
  0.0584271
   0.398768
   0.849607
   0.243165
  0.0373413
  0.0877222
   0.510719
   0.420236
   0.633176
 -0.0580018
  0.0919071
   -0.28023
 -0.0765097
  -0.353561
   0.125441
   0.173498
   0.312244
  -0.349542
   0.241907
   0.702598
   0.314347
  -0.131351
   0.752916
   0.205669
   0.650678
   0.431305
   0.360009
   0.115795
   0.463281
   0.416926
   0.677003
   0.393394
 -0.0362955
   0.356655
   0.291773
   0.621415
  0.0480545
   0.834084
  -0.175525
   0.477108
   0.192238
  -0.409013
 -0.0311763
 -0.0860147
   0.432655
  -0.391091
   0.461734
  -0.133151
  -0.294674
   0.791611
   0.152414
   0.843654
  -0.392404
   0.397548
   0.578518
  -0.104204
   0.565029
   0.115655
  -0.612048
   0.735998
   0.522069
  -0.125749
   0.447424
   0.310596
   0.897153
   0.331358
   0.615541
   0.515696
  -0.258585
   0.461572
 -0.0188893
   0.972357
  -0.210468
   0.278473
   0.608153
   0.505426
 -0.0991991
   0.329979
   0.582134
  0.0569904
   0.395068
  0.0459816
   0.242119
   0.647056
    0.16553
   0.318958
   0.189435
   0.111122
   0.424103
  -0.142321
   0.571679
  -0.116598
  0.0519916
   0.399787
   0.393469
   0.455825
    0.12093
    0.70233
    1.25321
    0.32224
   0.337568
  -0.169916
  0.0378884
    0.64682
   0.406985
  -0.225405
   0.407873
   0.311078
 -0.0293861
 -0.0548536
  -0.273686
  -0.286228
   0.151556
    0.49525
-0.00569015
   0.915695
   0.127003
    0.32609
  -0.218558
   0.407091
  0.0929819
  0.0453722
  0.0688673
  -0.306276
  -0.041716
   0.359819
   0.149378
   0.477596
 -0.0438622
    0.15745
   0.534086
   0.269088
   0.728648
  -0.114474
   0.212779
  0.0934247
   0.453315
  -0.604379
  -0.119347
    0.39139
  -0.101433
  -0.268928
 0.00536255
   0.402495
   0.426125
 0.00448724
   0.565053
  -0.239447
  -0.139218
   0.744526
  -0.251217
  -0.687658
    -0.7048
  -0.469194
   0.377179
  -0.411583
   0.855167
  -0.674512
0.000132915
 -0.0736446
  -0.311284
     0.7364
   0.267418
   0.289529
 -0.0229758
  -0.482253
     0.1649
   0.943206
  0.0581516
   0.784419
  -0.249111
  -0.603191
  -0.537488
    -0.3525
  -0.662815
  -0.358963
   -1.27123
   0.679598
  -0.281502
  -0.337303
   0.344183
  -0.599653
  -0.214848
 -0.0952116
    0.17906
   0.695899
  0.0116162
 -0.0708864
   0.096841
    -0.5131
   0.430361
   -0.30139
  -0.324345
   0.161802
  -0.629483
  -0.571733
    0.37832
  -0.491951
   0.460059
  -0.110431
   0.506677
  -0.342431
   0.384184
  0.0201139
  -0.111427
   0.335937
   0.175814
  -0.175584
   0.391547
  0.0836858
   0.539019
   0.344743
  -0.145961
    0.27979
  -0.144454
 -0.0616603
   0.159745
   0.298693
   0.339986
   0.363487
 -0.0984943
   0.188957
  -0.142103
   0.132903
 -0.0821216
  0.0654212
    0.10497
  -0.122348
   0.335053
   -0.41316
  -0.608142
   0.261117
  0.0192084
   -0.13651
  -0.293891
   0.923624
  -0.458698
 -0.0417419
   0.598987
   0.104162
  -0.216558
  0.0416225
 -0.0942685
  -0.199634
  -0.313857
 -0.0466384
   0.185152
   0.728801
   0.113847
  -0.540534
  -0.198948
  0.0423174
  -0.272387
  -0.290482
  -0.120435
   -0.47297
  -0.843023
    -0.5029
   0.450953
  -0.124102
 -0.0914617
  -0.198709
  -0.235868
   0.238446
  -0.279804
   0.503352
-0.00694856
   0.167732
  -0.305205
 -0.0130303
  -0.390944
  -0.139143
   0.107072
   0.191294
  -0.496387
   0.354078
   0.917762
  -0.027383
  -0.488031
  0.0798563
    0.39749
  -0.135527
  0.0351593
  0.0866209
   0.892215
   0.255336
   0.504829
 -0.0612142
    0.47188
  -0.141011
   0.138687
  -0.619346
  -0.541345
  0.0714623
   0.249211
   0.800103
  -0.186753
   -0.35249
  -0.572242
  -0.263391
 -0.0992262
  -0.391922
   0.654872
   0.378539
   0.139925
   0.452947
   0.249937
   0.353747
  -0.207838
    0.21421
   0.343166
   0.265503
 -0.0282203
  -0.636647
  0.0453758
  0.0105599
-0.00840972
 0.00321106
   0.174461
   0.492458
  0.0321425
-0.00795316
   0.429471
 -0.0325797
   -0.15502
   0.274029
   0.370502
  -0.242552
    0.33295
  0.0527355
  -0.229332
   0.228096
  -0.456971
  -0.131048
 -0.0907299
   0.263209
     -0.388
  -0.600421
   0.944391
  0.0550916
  -0.117786
 -0.0805717
  -0.522539
    0.14549
 -0.0706625
   0.542146
 -0.0985912
  -0.557364
  0.0182372
  0.0753958
   0.228494
    0.16891
  0.0265813
 -0.0399455
  -0.188462
   0.170077
   0.339316
  -0.265046
 -0.0103266
   0.193067
  -0.414607
  0.0255509
   0.400429
  0.0611716
 -0.0563608
   0.250744
   0.445703
   0.202759
  -0.438193
  -0.140525
   0.087646
 -0.0837428
   0.609015
   0.261544
  -0.222481
   0.946116
   0.480607
 -0.0340725
   0.296489
   0.330054
   0.308424
 -0.0554747
 -0.0696063
  -0.438829
  -0.171626
 -0.0328455
  -0.458377
-0.00647397
  -0.870802
   0.626932
  -0.277527
  -0.468531
   0.424564
   0.250392
   0.285112
  -0.191026
   0.318437
  -0.264596
  -0.562936
   0.327571
  -0.752709
   0.491584
  -0.879005
   0.566058
   -0.43156
   0.397299
   -0.12232
  -0.139835
   0.388874
  -0.500129
   0.456036
   0.707269
   0.136948
  -0.175988
   0.941899
   0.583162
   0.189497
  -0.183918
   0.169962
   -0.20197
  -0.572826
   -0.50234
  -0.322259
   -0.42264
  0.0981048
   0.545452
   -0.19112
  0.0472814
  -0.385949
   0.524878
   0.141383
   0.380559
  -0.367696
0.000696619
  -0.525541
   0.377005
   0.291517
  -0.403255
  -0.664003
  -0.312144
  -0.478191
   0.120063
 -0.0143651
   -0.16316
  -0.756141
  0.0999591
   0.473982
  -0.214115
   0.315562
   0.565783
   -0.49583
   0.870601
  -0.549345
  -0.135491
   0.274912
   0.303694
  -0.884835
  -0.215237
   0.152022
  -0.706751
  0.0819309
   0.747878
  -0.134823
  -0.230134
   0.278056
   0.147263
   0.418262
  -0.732257
  -0.857004
  0.0428492
 -0.0265653
  -0.709535
  -0.196146
  -0.916918
   0.328571
  -0.197167
   0.125647
  -0.128378
   0.610261
   0.729217
   0.474298
   0.429366
  -0.824997
   0.414857
   0.384042
   0.450732
  -0.368035
   0.504181
  -0.546047
 -0.0913743
   -0.48162
  -0.196531
  -0.522966
  -0.217792
   0.355188
  -0.137577
 -0.0504156
   0.319442
  0.0689499
  -0.112854
   0.465048
   0.537873
  -0.359122
   0.725108
  0.0674673
 -0.0775244
    0.15098
  -0.210551
   -0.21382
   0.418767
   -1.05394
   0.541756
  -0.541219
   0.608665
   0.335164
   0.709501
   -0.58759
  0.0430222
  -0.117959
  -0.284289
    0.66243
  -0.279116
 -0.0621253
  0.0259088
   0.767702
  -0.856301
 -0.0859429
   -0.67608
   0.358599
   0.232173
 -0.0942805
   0.408659
  0.0201007
  0.0591602
   0.338043
  -0.268165
   0.819398
 -0.0704963
 -0.0183263
  -0.458018
  0.0752244
  -0.161882
  -0.670446