      0 1800.03 1.83703 1.89655 453.535
      1 1800.04 1.82328 1.87313 364.897
      2 1800.04 1.81795 1.86391 437.101
      3 1800.01 1.81322 1.86038 401.862
      4 1800.01 1.80861 1.85441 440.373
      5 1800.03 1.80246  1.8542 405.578
      6 1800.02 1.79923 1.84964 403.618
      7 1800.02 1.79674 1.84724 402.522
      8 1800.01  1.7942 1.84386 395.881
      9 1800.04 1.79224 1.83931 393.241
     10 1800.01 1.79125  1.8378 411.264
     11 1800.01 1.78923 1.83481 436.516
     12 1800.02 1.78799 1.83612 439.144
     13 1800.03 1.78665 1.83475 419.983
     14 1800.02 1.78579 1.83605 407.732
     15    1800 1.78416 1.83296 419.918
     16 1800.02 1.78328 1.83194 419.016
     17 1800.03 1.78233 1.83349  419.92
     18 1800.03  1.7812 1.83245 419.412
     19 1800.01 1.78007 1.83132 413.132
     20 1800.04  1.7791 1.83145 419.291
     21 1800.02 1.77826 1.83133 420.438
     22 1800.02 1.77718 1.82849 419.295
     23 1800.03 1.77627  1.8288 419.627
     24 1800.03 1.77553 1.83033 420.548
     25 1800.06 1.77411 1.82595  289.38
     26 1800.02 1.77283  1.8266  420.24
     27 1800.02 1.77185 1.82651 420.055
     28 1800.04 1.77043  1.8262 419.958
     29 1800.03 1.76909 1.82578 417.309
     30 1800.04 1.76828 1.82732 420.501
     31 1800.01 1.76711  1.8265 399.517
     32 1800.04 1.76574 1.82609 418.395
     33 1800.04 1.76387 1.82764  414.26
     34 1800.02 1.76255 1.82431 420.577
     35 1800.03 1.76177 1.82272 419.744
     36 1800.02 1.76081 1.82345 370.896
     37 1800.04 1.75969 1.82481 418.105
     38 1800.03 1.75891 1.82397  420.26
     39 1800.04 1.75819 1.82363 420.503
     40 1800.04 1.75747 1.82489 417.401
     41 1800.01 1.75674 1.82188 419.788
     42 1800.01 1.75549 1.82222 411.437
     43 1800.03 1.75392 1.82301 420.492
     44 1800.01 1.75188 1.82295  417.95
     45 1800.04 1.75103 1.82186 403.668
     46 1800.02 1.75019 1.82421 418.465
     47 1800.03 1.74866 1.82491 412.391
     48 1800.01 1.74749 1.82237 326.011
     49 1800.03 1.74632 1.82427 419.822
     50    1800 1.74535 1.82401 412.132
     51    1800 1.74416 1.82251 408.779
     52    1800 1.74257 1.82187 420.512
     53 1800.01 1.74069 1.82151 419.916
     54 1800.02 1.73908 1.82218 420.831
     55    1800 1.73706 1.82117 419.533
     56    1800 1.73583 1.82009 420.039
     57 1800.01 1.73491 1.81779 420.491
     58 1800.03 1.73406 1.81773 420.415
     59 1800.04 1.73293 1.81963 418.809
     60 1800.02 1.73167 1.81774 420.206
     61 1800.01 1.73071 1.81738 417.713
     62 1800.04 1.72955 1.81826 420.082
     63 1800.02  1.7288 1.81868 421.226
     64    1800 1.72813 1.81672 418.938
     65    1800 1.72767 1.81486 418.233
     66 1800.02 1.72739 1.81606 419.366
     67 1800.03 1.72684 1.81672 420.889
     68 1800.03 1.72593 1.81633  406.79
     69 1800.03 1.72508 1.81582 405.615
     70 1800.03 1.72417 1.81761 418.595
     71 1800.01 1.72327 1.81682 413.586
     72 1800.02 1.72236 1.81724 414.039
     73 1800.01 1.72135 1.81785 418.501
     74 1800.02 1.72057 1.81796 391.304
     75 1800.01 1.71945 1.81792  417.38
     76 1800.02 1.71813 1.81715 418.077
     77 1800.01 1.71662 1.81656 413.957
     78 1800.03 1.71487 1.81567 420.171
     79    1800 1.71372 1.81418 419.438
     80 1800.02 1.71228 1.81479  420.58
     81 1800.04 1.71048 1.81487 420.165
     82 1800.01 1.70875 1.81473  387.56
     83 1800.03 1.70706 1.81507  419.83
     84 1800.03  1.7058 1.81687 419.276
     85 1800.02 1.70421 1.81566 418.892
     86 1800.02 1.70312 1.81512 418.678
     87 1800.04 1.70228 1.81473 391.021
     88 1800.02 1.70129 1.81328 419.654
     89 1800.01 1.70023 1.81364 419.569
     90 1800.03 1.69943 1.81649 411.797
     91 1800.01 1.69851 1.81507 420.207
     92 1800.04 1.69759 1.81257 418.834
     93 1800.02  1.6966 1.81271  420.66
     94 1800.02 1.69563 1.81451 418.686
     95 1800.03 1.69491 1.81392 420.611
     96 1800.04 1.69404 1.81486 420.501
     97 1800.03 1.69317 1.81314 420.871
     98 1800.01 1.69227 1.81349 462.994
     99 1800.03 1.69087 1.81344 419.508
    100 1800.02  1.6899   1.814 419.823
    101 1800.01 1.68855 1.81133 419.023
    102    1800 1.68679 1.81432 419.182
    103 1800.02  1.6852 1.81327 415.042