   -0.606264
   -0.309701
   -0.356792
   -0.385409
  -0.0314251
  -0.0708382
   -0.158651
   -0.109824
   -0.301741
   -0.306227
  -0.0673847
   -0.163415
   -0.209301
    0.125565
  0.00704833
   -0.434346
  -0.0616204
  -0.0283856
   -0.126895
   -0.250013
  -0.0892718
   -0.164522
   0.0993609
     0.18197
   -0.147938
   0.0018508
   -0.403851
   -0.513104
   -0.173027
   -0.290754
  -0.0251136
   -0.377268
   -0.169348
   -0.246299
   -0.349014
   -0.396236
   -0.317008
   -0.149682
-0.000472395
  0.00272567
   -0.216279
   0.0240877
   -0.507308
   -0.107139
   -0.715405
   -0.322315
   -0.175559
    -0.55224
   -0.385281
    -0.10483
   0.0785133
   -0.018629
   -0.521056
   -0.158138
   -0.298071
   -0.260713
   -0.331983
   -0.575835
   -0.156394
   -0.285295
   -0.234152
   0.0243856
    -0.20936
   -0.560734
     0.11073
   -0.447891
   -0.117417
   -0.316213
   -0.302291
   0.0251901
   -0.151432
   -0.283869
     0.15309
   -0.319443
 -0.00115869
   -0.220141
  0.00757028
    0.437459
    0.146557
   -0.281874
    0.102018
   -0.436835
   -0.133386
    0.195208
    -0.13458
  0.00377718
   -0.482159
   -0.137681
   -0.182216
   -0.143627
   -0.485871
   -0.162487
   -0.315483
   -0.478063
   -0.157093
  -0.0948585
   -0.301932
   -0.151877
    0.124083
   -0.384303
   0.0984519
   -0.233847
   -0.239233
   -0.258661
   -0.452312
   -0.303121
   -0.300644
   -0.148472
   -0.180349
   -0.130826
    -0.13185
   -0.198784
    -0.17467
   -0.270001
   -0.252128
   -0.509904
   -0.219416
    0.132642
  -0.0776645
    0.177858
   -0.362201
   -0.223145
    0.282174
  -0.0475002
   0.0835141
   -0.240335
   0.0221657
    -0.40754
   -0.159012
  -0.0282774
   -0.292501
   -0.116499
   -0.462514
   -0.188678
   -0.137959
  -0.0792591
   -0.289273
  -0.0890659
   -0.272179
   -0.110576
   -0.323345
   -0.521926
  -0.0688788
   -0.570697
   -0.101814
   -0.324039
   -0.434743
    0.168628
   -0.191918
   0.0974845
   -0.315477
   -0.326283
  -0.0733094
  -0.0017459
  -0.0548101
   -0.109629
    -0.41317
   0.0250468
   -0.201489
   -0.140114
  -0.0465285
   -0.600552
  -0.0891583
   0.0157736
   -0.435992
  -0.0657459
   -0.187333
    0.132411
   -0.352243
   -0.211719
   -0.119029
   -0.415818
   -0.478103
   -0.404688
   -0.253285
   0.0321905
   -0.344458
  -0.0430197
   -0.253575
   -0.393359
    0.168965
   -0.521917
   0.0129653
   -0.269242
   -0.110368
   -0.377899
   -0.309423
   -0.252835
  -0.0432358
   -0.209846
   -0.267778
   -0.231179
   -0.360921
  -0.0141715
   -0.122935
   0.0456798
 -0.00351826
   -0.314564
   -0.265934
  -0.0836692
    -0.58794
    -0.32687
   -0.122582
  -0.0803055
  -0.0496829
   -0.206456
   -0.283004
   -0.157956
   -0.191485
    -0.10702
  -0.0656833
   -0.423291
   -0.388171
  -0.0368986
   -0.329418
   0.0789597
   -0.193987
 -0.00627803
    0.190479
   -0.191005
    0.103572
   -0.391998
    -0.27389
    0.177056
    0.299462
  -0.0497811
   -0.241343
   -0.332698
   -0.586233
     -0.1213
   -0.341301
   -0.193636
   -0.259211
   -0.102519
   -0.185547
   -0.345433
   -0.146369
    0.141622
    0.047678
   -0.139521
   -0.325444
   -0.265739
  -0.0441207
  -0.0138546
  -0.0144984
    0.483896
   -0.531615
   -0.294239
  -0.0844271
 -0.00993382
   0.0694607
 -0.00791338
   -0.206451
    -0.27731
   -0.256295
   -0.386902
   -0.255502
   -0.397568
   -0.200724
   -0.274473
   -0.240959
  -0.0776279
   -0.259265
   -0.118836
   -0.180188
   -0.418969
   -0.303816
   0.0897743
   -0.117873
   0.0415075
    0.092073
  -0.0939868
   -0.216124
   -0.435977
   -0.437543
   -0.154027
  -0.0592375
   -0.202563
   -0.260351
    -0.57567
    -0.31573
  -0.0821482
   -0.152116
   -0.431891
   -0.233457
   -0.157504
   -0.400977
   0.0686999
   -0.301073
   -0.144609
   -0.228139
   0.0919895
   -0.071119
   -0.150365
   -0.462942
   -0.104645
    0.054227
   -0.150304
   -0.493831
  -0.0114981
   -0.586481
  -0.0624153
   -0.325768
   -0.207777
   -0.259116
    0.228966
   -0.504249
    0.808465
   -0.458818
  0.00315681
   -0.528808
   -0.226488
   -0.335359
   -0.249423
    0.264797
   -0.227945
   -0.281728
   -0.354889
   -0.134995
    0.079045
   0.0739519
  -0.0413588
   -0.209682
   -0.525296
    0.281451
   0.0673931
   -0.240559
    0.334897
  -0.0704421
   -0.212115
  -0.0609256
   -0.501913
  -0.0997459
    0.151317
   -0.476938
   0.0251451
    0.183913
   -0.289192
   -0.258648
   -0.309604
   -0.289724
    0.102742
   -0.160054
   -0.413579
  -0.0582391
   -0.275965
   0.0360854
   -0.610623
    0.107584
  -0.0351088
   -0.214395
   -0.047469
   -0.274058
    -0.13854
   -0.174226
   -0.722567
   -0.735436
   -0.208007
   -0.326383
   -0.498907
   -0.383358
   -0.240573
   -0.041409
   -0.303258
   -0.302818
    0.203889
   -0.288526
   -0.116622
   -0.101832
  -0.0329903
   -0.202315
  -0.0109897
   -0.652455
   -0.404193
    0.140329
    0.359661
       -0.46
  0.00701257
   -0.151208
     0.38752
   -0.426868
   0.0558407
   -0.194987
   -0.268173
     0.12101
   -0.134964
   -0.111237
    0.180793
    0.230475
   -0.295432
   -0.204573
   -0.112271
  -0.0501304
   -0.377709
      0.3326
   -0.410854
  -0.0653277
   -0.651463
     0.25893
   -0.283895
   -0.344451
   0.0917916
     0.38868
   -0.470893
   -0.534286
   -0.284609
    0.636707
   -0.365555
  -0.0284565
    0.393297
    0.183494
   -0.233768
    -0.33135
   -0.444273
    -0.43561
  -0.0637205
-0.000718486
  -0.0383991
   -0.178069
   -0.303296
    0.299105
   -0.402271
   -0.397086
   -0.360737
   -0.439807
   -0.371738
   -0.100926
  -0.0352486
   -0.243716
   -0.483512
   -0.395638
   -0.191106
   0.0833953
   -0.236705
   0.0897315
  -0.0832881
   -0.408793
   -0.265756
   -0.121741
   -0.321898
   -0.236794
     0.27635
    0.247946
  -0.0883497
    0.205368
   -0.118708
    0.681525
   -0.182015
    -0.44176
   -0.227115
   -0.256804
  -0.0679706
    0.103959
   -0.315424
   -0.376037
   -0.366484
   -0.482256
  -0.0798345
    0.316541
  -0.0177418
   -0.174623
   -0.192335
   -0.164045
   -0.204951
   -0.346641
   -0.159383
    0.326207
   -0.113018
    0.120882
  -0.0522429
   -0.225509
   -0.176675
   -0.323552
     -0.3936
   -0.313291
   -0.104277
   -0.365875
   -0.144628
  -0.0827036
   0.0619051
   -0.328925
   -0.150642
   -0.128061
   -0.130865
   -0.168839
  -0.0261277
   -0.544001
   -0.457041
   -0.102304
   -0.356449
   -0.127165
   -0.608106
   -0.235926
   0.0689672
   -0.277864
   -0.358011
   -0.223992
   -0.201502
 -0.00131164
   -0.249874
   -0.158852
   -0.278966
   -0.215203
   -0.331409
   -0.294537
   -0.301834
   -0.197126
   -0.258272
   -0.168926
  -0.0907999
  -0.0689333
   -0.178559
   -0.220005
   0.0878272
   -0.515606
    -0.24917
 -0.00740402
  -0.0362763
    -0.13605
   0.0819516
   -0.401756
   -0.185587
   -0.173438
    0.169128
   -0.133439
    0.178797
   -0.164018
   -0.735858
   -0.160026
   -0.138654
    0.253553
   -0.417526
  -0.0423201
   -0.301645
   -0.258034
   -0.266208
   -0.349828
   0.0512688
  -0.0948125
   -0.106243
   -0.230839
    0.101632
   -0.390777
   -0.086056
  -0.0882435
   -0.263523
     -0.5198
   -0.472579
   -0.397152
   -0.203115
    -0.16756
   -0.219367
   0.0443198
   -0.127793
   -0.332979
  -0.0374199
   -0.251776
   -0.610347
  -0.0103363
   -0.339004
   -0.238677
  -0.0252818
   -0.154631
   -0.172033
   -0.126058
   -0.363515
   -0.183314
   -0.141427
   -0.234322
   -0.293454
   -0.113904
   -0.441942
   0.0297105
   -0.385397
    -0.12423
   0.0908336
     0.13367
    0.837093
    0.189139
   -0.239835
  -0.0230206
   -0.446026
   -0.180188
    0.494554
   -0.186064
  -0.0215328
   -0.548153
   -0.288353
   -0.280743
   -0.122259
   -0.293645
    0.113933
   -0.438602
   -0.424099
  -0.0868808
   -0.268333
   -0.202973
   -0.177843
   0.0674113
   -0.223518
    -0.07293
   -0.416804
   -0.179794
    -0.12839
   -0.214178
   -0.318843
  -0.0880333
   0.0830497
   -0.192954
   0.0404675
    0.182458
    -0.10947
   -0.278722
   -0.361658
   -0.157227
   -0.386633
   -0.170542
    0.482271
   -0.214718
    0.212085
   -0.237151
    0.098129
    0.324315
  -0.0804975
   0.0937427
  -0.0692335
   -0.213777
   -0.325441
  -0.0212073
  -0.0434227
   -0.397987
   -0.219258
   -0.430611
   -0.212641
   -0.172642
   -0.356319
  -0.0486392
   -0.178822
   0.0400363
   0.0855621
  -0.0442897
   -0.523854
    0.126998
   -0.600705
  0.00276816
  -0.0131796
    -0.50176
    0.209629
   -0.224221
    0.281326
   -0.398878
   -0.447196
   -0.293469
  -0.0304227
   -0.155943
   -0.245051
   -0.391111
   -0.222191
   -0.417356
   -0.045383
   -0.239498
   -0.486865
   0.0801212
   0.0594717
   -0.332548
    0.047116
   -0.188159
    0.163103
  -0.0126457
   -0.153925
   -0.441416
   -0.225775
   -0.543483
   -0.377814
    -0.47461
  -0.0929327
   -0.132882
    0.137265
   -0.441572
   -0.123919
    0.261343
   -0.273178
    0.172359
   -0.368067
  -0.0400951
   -0.382985
   -0.012128
   -0.500017
    0.626438
   -0.206542
   -0.175593
   0.0924514
   -0.328567
   -0.327315
   -0.249993
  -0.0409904
   -0.118275
   -0.204288
   0.0887839
   -0.208877
    0.465683
   -0.106301
   -0.245338
  -0.0424989
   -0.215307
    -0.29609
   -0.379974
  -0.0887812
  -0.0534801
    0.096808
  -0.0950947
   -0.371162
   -0.379475
   0.0994045
   -0.496875
   -0.246194
  -0.0792324
    0.106461
    0.273396
   -0.365468
   -0.120574
   -0.184021
   -0.682201
   0.0576002
   0.0688686
   0.0613826
   -0.232416
   -0.388379
   -0.645778
  -0.0658474
  0.00226042
   0.0242352
   -0.371779
   0.0854853
   0.0908069
   -0.358718
  -0.0495342
  0.00449638
   0.0914245
  -0.0404055
   -0.226638
   -0.325153
    -0.19087
   -0.210803
    0.122494
    0.868868
   -0.471247
   -0.558911
   -0.173175
    0.168441
   0.0359029
   -0.195362
   -0.239444
   -0.266181
    -0.10263
   -0.154071
   -0.212791
   -0.196945
    -0.20493
   -0.369731
  -0.0895959
   0.0499926
   -0.378015
   -0.113413
   -0.340194
   -0.550029
  -0.0957275
   0.0817482
   -0.261207
  -0.0474599
   -0.030617
 -0.00286583
  -0.0647125
   0.0788369
   -0.297087
   -0.354584
   -0.204594
   -0.148769
  -0.0226002
   -0.338037
   -0.403968
   -0.205585
   -0.085465
  -0.0463623
  -0.0451789
  -0.0618503
   -0.312646
  -0.0768629
   -0.487166
    -0.28462
   -0.254423
    0.274547
   -0.128414
   0.0411777
   -0.448525
   -0.197668
  -0.0279148
  -0.0359603
   -0.403372
   -0.101435
   -0.456488
   -0.110885
  -0.0402264
   -0.264718
   -0.110426
    0.320574
   -0.324134
    0.520018
   -0.321958
    0.223227
    -0.36572
   -0.291535
   -0.132327
   -0.210068
    0.875271
  -0.0123033
    0.057914
    -0.17884
   -0.279884
   -0.096225
  -0.0785274
    0.270838
   -0.271057
   -0.391378
    0.144444
   0.0233575
    0.072033
     1.21846
  -0.0282938
  -0.0566379
   0.0942456
   0.0712441
  -0.0124758
  0.00650631
   -0.236229
   -0.134319
   0.0451321
   -0.267439
    0.167162
   -0.174233
  -0.0859099
    0.288029
   -0.400777
   -0.515619
   -0.128968
   -0.473099
   0.0232361
  -0.0946457
   0.0711551
   -0.243549
   -0.270876
   -0.151732
   0.0662209
   -0.206406
   -0.182484
   -0.697755
   -0.586207
   -0.307384
   -0.234971
  -0.0457372
   -0.212976
   -0.216881
   -0.015658
    -0.49999
   -0.228996
    0.194558
   -0.133474
   -0.232557
   -0.184169
    -0.30182
   -0.371981
  -0.0419202
    -0.26582
  -0.0977403
   0.0376413
    0.240527
   -0.396195
 -0.00389989
   -0.132599
    0.174908
   -0.217013
   0.0172637
  -0.0523592
   -0.339213
    0.389434
  -0.0252197
   -0.385233
    0.300725
    0.340777
   -0.295349
   -0.196492
   -0.146998
     0.23541
   -0.424591
    0.296181
  -0.0291922
  -0.0455296
   -0.560011
    0.310271
   -0.331195
    0.151733
    0.156482
    0.255233
   -0.517692
   -0.225197
   -0.550306
    0.573807
    -0.42479
  -0.0939992
     0.58699
    0.384928
   -0.302176
    -0.41413
   -0.298094
   -0.224639
    0.162734
    0.100198
    0.156142
   -0.225197
   -0.140252
     0.10047
   -0.148682
   -0.110977
    -0.37136
   -0.363867
   -0.542221
    0.156555
    0.242378
   -0.123906
   -0.429754
   -0.245764
  -0.0566409
    0.202281
  -0.0292762
  -0.0890564
  -0.0283837
   -0.245314
    0.016196
     -0.3157
  -0.0988175
   -0.538569
  -0.0972099
    0.224577
   -0.090174
    0.106975
   -0.422082
     1.05534
   -0.119577
  -0.0981388
  -0.0173906
  -0.0949579
   -0.133007
     0.14744
   -0.355815
  -0.0913927
   -0.380096
   -0.310222
   0.0964114
    0.360902
    0.153746
   -0.136606
   0.0656556
   -0.157809
   -0.291531
   -0.396644
   -0.138149
   -0.146406
   -0.204676
    0.242252
    0.085135
   0.0379742
   -0.143904
   -0.205364
   -0.357711
  -0.0580604
  -0.0596457
   -0.377093
   -0.256859
   -0.155892
   0.0964111
   -0.507501
   -0.550767
   -0.114426
   -0.508034
   -0.187091
   -0.328333
    -0.20272
   -0.357232
   0.0491885
    -0.19456
  -0.0283145
    -0.44638
   -0.143786
   -0.112373
  -0.0327147
   -0.480198
   -0.196437
  -0.0454525
    0.395466
   -0.214291
    0.801547
    0.343152
    0.549271
    0.374183
     0.38402
    0.686045
    0.553424
    0.446517
    0.557431
    0.365919
    0.349861
    0.254516
    0.494477
    0.515464
    0.662881
    0.491448
    0.596906
    0.670928
    0.496485
    0.599843
    0.758877
    0.372533
    0.313901
    0.506296
     0.76184
    0.747477
    0.534094
    0.274332
    0.250395
    0.401984
     1.01124
    0.287948
    0.489393
    0.269322
    0.311334
    0.680798
    0.765425
    0.560007
      0.2926
    0.499136
    0.533878
    0.413806
    0.649374
    0.348665
    0.595593
    0.421709
    0.464874
    0.212453
   0.0860331
    0.276005
    0.784063
    0.579086
    0.834463
    0.493893
    0.785748
    0.653444
    0.528822
    0.488499
    0.650911
    0.443007
    0.724302
    0.650358
    0.646468
    0.442203
    0.590413
    0.261087
    0.617163
    0.565336
    0.638782
    0.746738
     0.77225
    0.419281
    0.631961
    0.501903
    0.918555
    0.783184
     1.12829
     1.23654
    0.446421
    0.720597
    0.415326
    0.779605
    0.578232
    0.730686
    0.477548
    0.338711
    0.603581
    0.794454
    0.664739
     0.53798
    0.482972
    0.868103
     0.62275
    0.547146
    0.496081
    0.562687
    0.440554
    0.660069
    0.457764
    0.303567
    0.601708
    0.501995
    0.637451
    0.469403
    0.479464
    0.710872
    0.505613
    0.848141
     0.57843
    0.823536
    0.228673
    0.440265
    0.833519
    0.529799
    0.569333
    0.442966
    0.460145
    0.420868
    0.577525
    0.722185
    0.316643
    0.537855
    0.587393
     0.54924
    0.702238
    0.804975
    0.556245
     0.61295
    0.665475
    0.600572
    0.556853
    0.327862
    0.305144
    0.698114
     0.64076
    0.578033
    0.280809
    0.800661
    0.688592
    0.376821
    0.354462
    0.170771
    0.694454
    0.699316
    0.836372
     0.47147
    0.544852
     0.86883
    0.611545
    0.700365
    0.411318
    0.288027
    0.464678
    0.195011
    0.504691
    0.604798
    0.205049
    0.337278
     0.30927
    0.878216
    0.607706
    0.629821
    0.439722
    0.611159
    0.738017
    0.457795
    0.673273
    0.891472
    0.563259
    0.816248
    0.628965
    0.710378
    0.618782
    0.474298
    0.656925
    0.576896
    0.388037
    0.627648
    0.924914
    0.463995
    0.606116
    0.955455
    0.479977
    0.573229
    0.566654
    0.425585
    0.552079
    0.675572
     1.22602
    0.378681
    0.488511
     0.94771
    0.670502
    0.782791
    0.633419
    0.466362
    0.527389
    0.449819
    0.102686
     0.62861
     1.04802
     0.52588
    0.575945
    0.635955
     0.48654
    0.351674
    0.343205
    0.719204
    0.488415
    0.687159
    0.387557
    0.534678
    0.397583
    0.756368
    0.444819
     0.65696
    0.782333
    0.673161
     1.01197
    0.339638
    0.655467
    0.585821
    0.753898
     0.56283
      0.5289
    0.526778
    0.815766
    0.553708
    0.186474
    0.865918
    0.750569
    0.927117
    0.522054
    0.518421
    0.553292
    0.352274
    0.691808
    0.313048
    0.384216
     0.44654
    0.341879
    0.523571
    0.805464
    0.583626
    0.475727
     1.34301
    0.462676
    0.390082
      0.3849
    0.930308
    0.502333
    0.295716
    0.272604
    0.488348
    0.476991
    0.653853
    0.465343
    0.729753
     0.24728
    0.611982
    0.562445
    0.454338
    0.442558
    0.464409
    0.452865
     0.53103
     0.73916
    0.550323
    0.479122
    0.514116
    0.694342
    0.413557
    0.539797
    0.701527
    0.686537
    0.614597
    0.568842
    0.571375
    0.582376
    0.621143
    0.971726
    0.679869
    0.553829
    0.425952
      0.5096
    0.539599
    0.466545
    0.624731
    0.601018
    0.534038
    0.724967
    0.717794
    0.438488
    0.645638
    0.424168
    0.627085
    0.505536
    0.789972
    0.416378
    0.671508
    0.541199
    0.672097
    0.423053
    0.290983
    0.162874
    0.779757
    0.568377
     1.45705
    0.500646
    0.370991
    0.632385
    0.365337
    0.652458
    0.495065
    0.994112
    0.308748
     0.43884
    0.324688
    0.688763
    0.685915
    0.566723
    0.558827
    0.306392
    0.328419
     0.76941
    0.897824
    0.183981
     1.60151
    0.509054
    0.241543
    0.662804
    0.401337
    0.689765
    0.928294
    0.371355
    0.547434
    0.290492
    0.392404
    0.529812
    0.141767
    0.676878
     1.05138
    0.411038
    0.458804
     0.45092
    0.632096
    0.714754
    0.951851
      0.8968
    0.378261
    0.756272
    0.783196
    0.645453
     0.61432
     0.63816
    0.761714
    0.713874
    0.748713
    0.493252
    0.473119
    0.253538
     0.39263
    0.597758
     0.52175
    0.396495
    0.508293
     0.50224
    0.656425
    0.525707
    0.610851
    0.518268
    0.488074
    0.668336
    0.708788
    0.378113
    0.862119
    0.492149
    0.443556
    0.354607
    0.489159
    0.583189
    0.491197
    0.788902
    0.492416
    0.812293
    0.677048
    0.511565
    0.802769
    0.888166
    0.694716
    0.367466
    0.651895
     1.19129
    0.421869
    0.642684
    0.917252
    0.489961
    0.715616
    0.825402
    0.102536
    0.522365
    0.738198
    0.300759
    0.683841
    0.365916
    0.345829
       1.146
    0.489392
    0.305508
     1.09215
    0.717978
    0.531862
    0.609004
    0.512645
    0.851563
    0.554503
    0.694104
    0.434329
    0.685519
    0.441714
    0.509998
    0.266129
    0.502647
    0.502988
    0.517692
    0.492228
    0.836554
    0.676059
    0.637546
    0.584617
    0.769555
    0.523297
    0.788198
    0.899506
     0.75315
    0.419738
    0.427098
    0.922484
    0.419272
    0.388184
    0.379368
    0.257761
    0.584435
    0.440052
    0.598997
    0.341518
     1.26248
    0.587134
    0.477005
    0.535042
    0.618155
    0.272044
    0.564276
    0.765341
    0.163714
    0.593136
    0.412146
    0.660838
    0.787306
    0.799027
    0.255973
    0.619258
     0.69564
     0.46586
    0.158119
     0.52036
    0.790581
    0.613765
    0.344711
    0.643508
    0.587944
    0.515521
    0.709823
    0.243755
    0.803413
    0.299899
    0.738271
    0.316654
    0.561819
    0.807524
    0.305632
    0.522621
    0.470343
    0.586446
    0.407512
    0.200642
    0.191433
    0.571455
    0.422682
    0.840706
    0.600428
    0.537431
    0.620588
    0.828078
     0.35028
    0.817141
    0.539269
    0.743297
     1.12226
    0.774367
  -0.0848828
   -0.284199
   -0.205264
  -0.0373876
   -0.322199
   -0.164591
    0.267195
  -0.0449754
    0.127994
    0.278135
   0.0980509
   -0.205968
     0.29251
    0.501459
    0.184218
   -0.152453
    0.284666
   -0.237231
    0.280464
  0.00807127
    0.191693
   -0.155097
    0.212395
  -0.0447866
   -0.142897
   -0.559867
 -0.00663305
  0.00267225
    0.229809
     0.27698
    0.444789
    0.199819
   -0.327752
   0.0296705
  -0.0198987
    0.087032
   0.0447732
  -0.0591511
   0.0361221
   -0.313843
    0.284612
    0.244444
    0.196033
    0.101171
   -0.369714
    0.191217
    0.293636
   0.0193727
   -0.211021
-0.000622205
   -0.215058
  -0.0212273
    0.373003
  -0.0106507
  -0.0161655
    0.328592
  -0.0947485
    0.161353
   -0.315494
   -0.198477
    0.156692
    -0.46346
   -0.151459
   0.0437588
   -0.265517
  -0.0347488
   -0.016122
   -0.181736
    -0.29412
  0.00670352
   -0.330437
 -0.00711334
   -0.092195
   -0.159539
    0.286325
   -0.110029
   -0.470377
   -0.748512
    0.245925
 0.000878947
    0.184468
   -0.149621
  -0.0376511
   -0.634049
    0.440408
   -0.233603
  -0.0467375
   -0.211926
   0.0582682
    0.382204
    0.171155
    0.427308
    0.273611
   -0.193091
  -0.0236099
   0.0688182
    0.100197
  -0.0487439
    -0.49103
     0.30424
   0.0691041
  -0.0288109
    0.067656
     0.28566
   -0.337509
   0.0848928
    0.372548
    0.464188
   0.0647714
     0.29951
    0.309526
   0.0457902
    0.111639
   -0.101144
   -0.292387
  -0.0378628
  -0.0116079
  -0.0147841
   -0.141374
   -0.492393
   -0.155011
    0.350612
   -0.411412
   -0.260224
     0.11482
   0.0150977
   -0.210849
  -0.0353344
    0.360877
   0.0519098
  -0.0299009
   -0.212382
    0.035248
   -0.310643
     -0.4111
  -0.0012901
    0.248377
   -0.156846
  -0.0563484
   -0.371171
    0.121661
 -0.00209032
  -0.0513693
   0.0336765
    0.246537
  -0.0553626
    0.102183
   -0.565566
   -0.157471
    0.349864
  -0.0834398
    0.345576
   -0.243752
    0.228762
   0.0829946
    0.210985
  -0.0726587
    0.160303
    0.228487
    -0.56852
  -0.0937016
  0.00820143
    0.461336
    0.189436
   -0.305322
  0.00808521
   -0.138082
    0.137131
  -0.0511533
    0.125086
    0.291935
   -0.346435
   -0.193062
    0.100863
   -0.224584
  -0.0637641
    -0.09871
    0.190525
   -0.242825
     0.11431
   -0.475695
   -0.115267
   -0.415623
   0.0822925
  -0.0068568
  -0.0119157
   0.0798928
    0.115623
   -0.414427
   -0.184289
   0.0744981
   -0.212664
   -0.129082
   -0.222557
  -0.0155738
   -0.207316
    0.145249
    0.236366
  -0.0629875
   -0.236495
  -0.0584545
    0.319776
   -0.022162
   0.0102392
   -0.143725
   0.0610446
    0.129604
    0.338527
   0.0107766
   -0.369065
   -0.184024
    0.368011
   -0.195785
    0.270718
    0.277178
   -0.221877
   -0.399064
    0.156595
    0.550682
     0.32823
    0.224132
   -0.364456
   -0.306301
   -0.258896
  -0.0927513
   0.0448476
   0.0288275
    0.274812
   0.0663323
    0.117029
   -0.109909
  -0.0303644
   -0.306239
   -0.298403
    0.182285
      0.0281
   0.0986629
    0.108628
    0.545723
    0.201451
   -0.173978
    0.216944
  -0.0170763
   -0.388446
  -0.0557268
    0.646596
   -0.107034
    0.195684
 -0.00661312
    0.616697
      0.1547
   0.0316015
   -0.241922
   -0.192339
   -0.482942
    0.016852
   -0.242336
   -0.145613
    0.304787
  -0.0369357
   0.0320158
   -0.313596
  -0.0465883
   0.0798475
   -0.239024
  -0.0261006
    0.230782
   -0.255144
    0.455418
    0.035886
    0.359712
   -0.331122
    0.319256
   -0.194478
     0.18806
    0.125657
    -0.32197
    0.330445
    -0.20116
    0.214337
   -0.392966
   -0.245787
    0.300611
    0.220226
   -0.415501
    0.438835
    0.328312
    0.197103
   0.0192656
   -0.088636
    0.210614
   -0.486238
   0.0467515
    0.378581
   -0.206139
   -0.178298
   -0.163564
   -0.171074
   -0.102354
    0.292166
  -0.0730227
     0.53171
    0.310025
    -0.20611
     -0.2536
   -0.361625
   -0.221914
     0.15702
    0.106158
     0.62281
   0.0181482
    0.349034
    0.520137
   -0.224103
  -0.0891952
    0.193985
    0.157945
   -0.167857
    0.183843
   -0.127309
  -0.0789751
  -0.0168628
   0.0229426
    0.148401
   -0.414923
   -0.473206
   -0.262547
    0.494105
     0.25103
  -0.0183776
   -0.281371
    0.603154
    0.287496
    -0.16619
    0.112613
   -0.329443
   0.0129217
   -0.163955
   0.0669857
     0.30338
 -0.00430218
     0.20121
   -0.173632
   -0.065662
   -0.140724
   -0.290343
   -0.118876
   -0.100813
     0.13433
    -0.35483
    0.133028
    0.299658
    0.143929
    -0.12713
   -0.310238
  -0.0309208
  -0.0337988
   -0.157763
   0.0300459
   -0.385661
   -0.163665
   -0.079411
   -0.338887
    0.104675
  -0.0627254
    0.213352
  -0.0283684
    0.233126
   -0.069542
    0.138349
   -0.266258
   -0.340463
     0.27933
    0.192484
    0.148621
   -0.290008
   -0.116036
   -0.319803
   -0.043719
   -0.163343
  -0.0477478
   -0.187539
   -0.231924
   -0.123457
     0.33075
    0.276026
  -0.0131891
   -0.489821
   -0.763214
   -0.345062
   -0.024134
    0.219407
    0.545723
   0.0976836
    0.265283
    0.460464
   -0.134972
    0.162643
    0.455573
    0.181347
   -0.115204
   0.0588351
  -0.0954428
    0.083233
   0.0458215
   -0.155178
   -0.609347
    0.303795
  -0.0477493
   -0.508733
   -0.457036
    0.115789
-0.000649179
   -0.167963
   -0.111609
   -0.326704
  -0.0885084
    0.269025
    0.124098
   0.0274381
  -0.0183373
   0.0889355
   -0.184691
  -0.0193079
    -0.19156
   0.0464082
   -0.322757
  -0.0963044
    0.110966
    0.116459
    0.187948
   0.0161353
   -0.497754
   -0.117014
   0.0847731
    0.121193
   0.0431539
   0.0786766
    -0.22767
    -0.02007
    0.237219
   -0.277857
   -0.145899
    -0.37726
    -0.20429
   0.0245473
   -0.818334
   0.0607354
  -0.0505768
  -0.0409687
   -0.372757
    0.102371
   -0.281133
   -0.331411
   -0.122336
   -0.188737
  -0.0220722
  -0.0791147
    0.539257
     0.37934
  -0.0940094
   -0.233085
   -0.195516
    0.142622
    0.138579
    0.547722
    -0.43817
  -0.0111059
    0.172928
    0.165653
    0.178409
    0.314278
    0.181535
   -0.267586
   -0.217565
    0.224965
   0.0213224
   -0.488116
     0.15376
    0.167884
    0.133459
   -0.230013
   -0.348666
   -0.123322
   -0.173128
     0.09883
    0.154101
    0.110898
 -0.00614184
    0.192904
    0.502641
    0.396434
    0.463746
      0.1916
  -0.0725344
   0.0418593
  -0.0380348
    0.146561
   -0.436919
   -0.370988