    -1.87739
    -1.87683
    -1.87911
    -1.88694
    -1.88232
    -1.87406
    -1.87698
    -1.88172
    -1.87868
    -1.76662
   0.0523572
    -1.88632
    -1.88569
    -1.87277
    -1.87599
     -1.8815
    -1.88495
    -1.87778
    -1.88377
    -1.87447
    -1.88631
    -1.88115
    -1.88152
    -1.88137
    -1.88066
    -1.88762
    -1.88313
    -1.87866
    -1.88239
    -1.87874
    -1.88149
     -1.8822
     1.00295
    -0.42203
   -0.369944
  -0.0463935
    -1.06094
   -0.920468
   -0.530908
    0.184517
    0.538239
   -0.602003
    0.446527
    -1.08025
    0.388903
     0.80761
   -0.597989
  -0.0182108
    0.045602
    0.805993
    0.862025
  0.00784358
    0.163055
    0.243613
    0.364965
    0.122221
    0.344153
    0.570742
  -0.0746243
   -0.613847
   -0.403752
   -0.609426
   -0.685842
    -0.73051
   -0.658856
    0.174746
  -0.0618843
    0.377516
    0.399709
   0.0764722
    0.446099
    0.268478
    0.237842
   0.0479891
  -0.0610693
   -0.357427
    0.186639
    0.259821
    0.870671
    0.443876
    0.289155
   -0.883077
    0.180091
    0.165122
    0.238432
   -0.255907
   -0.445537
    0.799582
   -0.361568
  -0.0749729
   -0.403942
   -0.110759
   -0.853917
    0.184343
    -0.99179
   -0.550867
   -0.834184
    0.317007
    0.311942
    0.316524
   -0.305748
     0.42162
    0.170655
    0.350296
   -0.354873
    0.450716
   -0.744106
   -0.201135
    0.321137
  -0.0598902
    0.791794
    0.124726
     0.70708
    0.201993
    0.521738
  0.00156406
    0.441573
   0.0564898
    0.185761
  -0.0827143
   -0.139106
   0.0123557
    0.167896
   -0.524197
    0.294882
   -0.791562
   -0.706481
     -1.8881
    0.215161
    0.367086
    0.273609
    0.411769
   -0.032615
    0.170767
    0.399759
     0.43072
  -0.0512308
    0.116347
    0.530855
    0.327322
    0.030912
    0.312673
   -0.400737
    -0.15219
    0.363183
    0.264017
   0.0943322
    0.184131
    0.342565
   0.0182084
    0.262881
    0.510181
    0.213726
    0.417192
   0.0860961
    0.020587
    0.158519
   -0.182563
    0.209114
    0.390174
    0.544033
    0.785469
    0.332483
    0.500058
   0.0660798
    -0.28566
  -0.0403505
    0.122684
    0.807066
    0.763635
    0.362096
    0.343007
   -0.116786
    0.635012
  -0.0977691
    0.265028
    0.291565
    0.286902
    0.461069
    0.584994
     0.18417
    0.227183
-0.000416488
   0.0248366
    0.613801
   0.0268607
    0.202803
    0.305077
     0.30521
   -0.113696
    0.204667
     0.43857
    -1.88897
    -1.88118
   -0.136996
   -0.815985
    -1.46112
    -1.23328
   -0.792285
    -1.22447
   -0.318757
    -1.48255
    -1.06303
    -1.69263
    -1.90713
   -0.638718
   -0.364175
   -0.227065
   -0.351529
    -0.55703
    -0.63174
   -0.561745
   -0.377174
   -0.427888
   -0.598993
   -0.610952
    0.332084
    0.113164
   -0.131826
    -0.48733
   -0.132795
    -1.87917
   -0.436349
    -1.88292
   -0.469231
    -1.30694
   -0.915551
  -0.0942767
  -0.0461067
    0.299582
   -0.181883
  0.00722493
    -0.29158
   -0.161589
   -0.421997
   -0.206663
   -0.282191
   -0.327956
    -1.87802
   -0.232294
   -0.350605
      -1.871
    -1.88175
    -1.88101
    -1.88437
    -1.88242
    -1.88306
    -1.88096
    -1.87521
    -1.88452
    -1.88254
    -1.87649
    -1.88268
    -1.87875
     -1.8903
     -1.8754