  -0.0106038
  -0.0108476
  -0.0107836
  -0.0107651
  -0.0106412
  -0.0105937
  -0.0107301
  -0.0107031
  -0.0107243
   -0.367916
    0.317741
  -0.0108263
  -0.0107659
  -0.0107015
  -0.0106451
  -0.0109514
  -0.0108014
   -0.010799
  -0.0108778
  -0.0110286
  -0.0109895
  -0.0107922
  -0.0107035
  -0.0109095
     -0.0108
  -0.0108082
  -0.0107047
    -0.01063
  -0.0105823
  -0.0107276
  -0.0107172
  -0.0107421
    0.593942
    -1.03434
  -0.0528304
   -0.254916
   -0.140173
   0.0352684
    0.474627
     1.52797
    0.103909
    -1.74146
    -0.28309
   -0.312459
   -0.119191
    0.302546
    0.580924
    0.831085
    0.582259
    0.833453
     1.25618
  -0.0103792
    0.282757
    0.509358
    0.455516
     -0.0147
  -0.0247355
    0.550244
     1.82319
    -1.50469
    0.305398
    0.561154
    -1.06269
    -1.16579
   -0.109556
     0.09033
    0.698669
   -0.229757
   -0.210542
   -0.257274
    0.364105
    0.399008
    0.232909
   -0.146248
    0.827683
   -0.171047
   -0.131903
   -0.129486
    0.445034
   -0.345873
    0.171192
   -0.551054
   0.0065138
    0.125255
    -0.36363
   -0.414422
   -0.145781
  -0.0503679
    -0.39951
   -0.505705
    0.104817
   -0.107372
   -0.230172
   -0.417357
   -0.270037
    -1.92598
   -0.020391
   -0.173777
   -0.268557
    0.952198
    0.395704
  -0.0180577
   -0.320933
   0.0856669
   -0.792848
    0.408477
   -0.768766
    0.286841
   -0.401324
    -0.37932
   -0.131999
    -0.38898
   -0.377136
  -0.0811993
     0.43324
    -0.38807
   -0.302691
   -0.348695
   0.0361555
   -0.313938
    0.413758
     -1.0019
   -0.381874
   -0.129613
    -1.56128
   0.0904717
   -0.252352
  -0.0108697
  -0.0405654
   0.0271366
   0.0983648
  -0.0350773
  -0.0884928
  -0.0607263
  -0.0081516
   0.0696369
   0.0268714
   0.0187114
  -0.0692656
   0.0518777
  -0.0247427
  0.00524918
  -0.0360688
  0.00308075
  -0.0511669
  -0.0143516
   0.0804884
  -0.0539136
 -0.00909492
-0.000866756
  -0.0402846
 -0.00745698
  -0.0921237
  -0.0453728
  -0.0371644
   0.0665007
  -0.0381544
   0.0372163
   -0.058932
   -0.106985
 -0.00650646
    0.161237
    0.138303
  -0.0844488
  0.00330156
  -0.0674354
   0.0239329
  -0.0194838
  0.00812188
    0.134777
    0.134152
   0.0578429
    0.109403
  -0.0555385
   0.0567601
 -0.00495202
   0.0476114
  -0.0649509
  -0.0974586
    0.149587
   0.0297347
   -0.117768
    0.113961
   0.0717036
    0.243331
   0.0310869
  0.00815586
  -0.0462125
   -0.244854
  -0.0850077
    0.201763
  -0.0551424
  -0.0107111
  -0.0106786
     0.49764
  -0.0992464
  -0.0386078
   -0.556845
  -0.0505004
  -0.0718163
  -0.0112955
   -0.205755
   -0.107205
   -0.162286
   -0.126494
  -0.0265418
   0.0929205
  -0.0464395
   -0.164187
    0.118947
 -0.00984786
  -0.0329945
 -0.00682352
   -0.011953
  -0.0390349
   -0.143968
 -0.00503023
   0.0072161
   -0.019438
  -0.0564835
  -0.0131658
  -0.0104758
  -0.0149804
  -0.0108098
  -0.0545976
   -0.185562
   -0.854943
   0.0293129
   -0.100472
    0.126965
   0.0619113
   0.0400105
 -0.00128645
   -0.035267
  -0.0696171
  -0.0192372
   0.0365473
   0.0408385
  -0.0107022
   0.0155355
  -0.0179673
  -0.0107556
   -0.010817
  -0.0109841
  -0.0106112
  -0.0107864
  -0.0107766
  -0.0108792
  -0.0106361
  -0.0109923
  -0.0107022
  -0.0108121
  -0.0108492
  -0.0106555
  -0.0108001
  -0.0106426