   -0.366395
  0.00782917
   -0.473258
   -0.203719
   -0.130113
   -0.343074
   -0.164868
   -0.180201
   -0.324487
   -0.423583
    0.103203
   -0.435631
  -0.0153889
   0.0804783
    0.264472
    -0.50532
   0.0590181
    0.157628
   -0.180816
   -0.312394
   0.0335317
 -0.00637868
    0.250143
     0.37772
   -0.133934
     0.20937
   -0.614481
   -0.653984
   -0.175832
   -0.193469
    0.213383
  -0.0103913
   0.0243825
   -0.268499
   -0.343903
   -0.331806
   -0.266075
   -0.233533
   -0.125737
  -0.0420421
   -0.105976
    0.189339
   -0.699318
   -0.363312
    -0.64822
   -0.483927
    0.035691
   -0.471859
   -0.590017
   -0.180538
  0.00490255
  -0.0896657
    -1.41696
   -0.144297
   -0.394957
    -0.13062
   -0.364691
   -0.937222
  -0.0187058
   -0.278485
  0.00201909
    0.348827
   -0.348259
   -0.530403
    0.147531
  -0.0146379
   0.0842588
   -0.269336
   -0.388597
     0.17486
  -0.0561615
   0.0783441
    0.794017
   -0.224842
   0.0203447
   -0.663884
    0.154824
    0.895571
    0.127404
    0.187053
    0.367069
   -0.210364
  -0.0284404
     0.13841
   -0.171562
   -0.126356
   -0.611624
   -0.088645
   -0.126817
   -0.122704
   -0.438433
   -0.356035
   -0.286473
   -0.345462
    -0.28713
    0.028985
    -0.37636
   -0.291946
   0.0196894
   -0.437525
   0.0398005
  -0.0364978
    -0.14782
   -0.289778
   -0.767251
   -0.369755
     -0.1156
    0.229848
   -0.216582
  0.00503533
    0.082938
  -0.0850865
   -0.126973
  -0.0152857
   -0.275722
   -0.445498
   -0.184744
    0.113791
    0.107077
    0.180929
   -0.273851
    -0.19913
    0.255003
   -0.173585
    0.185525
  -0.0992057
    0.303648
   -0.407545
  -0.0667345
    0.220249
   -0.390757
    0.235046
   -0.432943
   -0.520485
   -0.162042
    0.227346
    0.160529
   -0.051684
   -0.204841
   0.0827962
   -0.261178
   -0.591123
  -0.0339414
   -0.385169
    -0.14229
    -0.80495
   -0.348149
    0.431035
   -0.105549
   -0.468368
   -0.265264
  -0.0599502
   0.0183392
   0.0721506
  0.00308773
    0.302103
   -0.315718
 -0.00876603
   0.0918738
 -0.00353609
   -0.108651
   -0.857252
   0.0393105
   0.0836951
   -0.312645
 -0.00832044
   0.0736411
    0.266107
   -0.218272
   -0.294025
   -0.171221
   -0.593024
   -0.710893
   -0.495487
   -0.146193
    0.346923
    -0.63126
   0.0765245
  -0.0509864
   -0.475943
   0.0825959
     -1.0558
  -0.0934892
   -0.106846
  -0.0655347
   -0.218198
   -0.302208
   0.0389157
    0.850145
   -0.265412
  -0.0214123
   0.0514265
   -0.230307
    0.251143
  -0.0468777
    0.182183
    0.425972
   -0.263252
   -0.120692
   -0.312213
    -1.43944
   -0.635176
    0.398349
    0.120537
    0.189714
   0.0293397
   -0.375229
   0.0220747
  -0.0603882
   -0.276113
    0.147823
   -0.410808
   -0.263916
    0.106697
   -0.223519
-0.000884833
   -0.131368
   -0.235759
   -0.234422
   -0.272889
   0.0968369
    -0.57207
   -0.211438
    0.623298
    0.321276
  -0.0973471
   -0.216495
   -0.362533
   -0.671695
   0.0331216
   -0.121357
   -0.928307
   -0.258469
   -0.196248
   -0.275245
   -0.159829
  0.00725968
    0.147363
    0.287533
   -0.247863
   -0.256334
   0.0183444
   0.0049231
    0.200822
    0.205895
     1.16841
   -0.322982
   -0.338254
  -0.0542289
    0.127855
    0.471062
     0.41779
   -0.116838
   -0.266236
   -0.203031
   -0.473061
  -0.0820934
   -0.439388
   -0.408747
   -0.383136
   -0.421642
   0.0518317
   -0.253971
   -0.123514
   -0.305104
     -0.5706
   -0.269981
    0.254117
   -0.243288
  -0.0677441
    0.410247
   -0.187842
    -0.40951
   -0.515947
   -0.451882
    0.116045
    0.248942
   -0.116672
   -0.148081
    -0.60922
   -0.305591
 -0.00642248
   -0.415291
   -0.423698
 -0.00049629
   -0.147729
   -0.619817
    0.421746
   -0.356974
   -0.265502
    -0.13154
  -0.0365358
    0.209228
   -0.127395
   -0.455987
   0.0403892
   0.0374453
  -0.0263845
   -0.510057
      0.1894
   -0.594702
  -0.0442275
   -0.947762
   -0.107791
   -0.126016
    0.221857
    -0.22589
     1.00887
   -0.758113
    0.362994
   -0.272093
   -0.122719
   -0.590123
   -0.685006
    0.196624
   -0.210479
   -0.463724
   0.0243264
   0.0112722
   0.0108055
    0.168505
    0.174584
   -0.043509
   -0.595175
    0.410407
    0.305639
   -0.228942
  -0.0727272
   -0.305023
    -0.20999
   -0.192093
     -1.1755
  -0.0985422
  -0.0428295
   -0.676286
  -0.0277664
    0.524706
   -0.343495
   -0.372304
     -1.0672
    -0.17808
   -0.643827
   -0.264305
   -0.489869
    0.198905
   -0.207002
    0.201534
    -1.69624
    0.244566
  -0.0253417
   -0.180101
  -0.0684547
   -0.515295
   0.0877526
    0.125401
    -1.16701
   -0.957582
   -0.115804
   -0.247438
   -0.470982
   -0.272007
  -0.0517316
   0.0852661
   0.0114856
    -0.47461
   0.0438483
   -0.414638
   -0.142411
   -0.399128
    0.242474
   -0.160337
 -0.00943586
    -1.02644
   -0.276463
    0.383595
     0.70388
   -0.507257
    0.177993
   -0.166989
    0.694161
   -0.386896
    0.166386
   -0.104878
  -0.0174916
   -0.262066
  -0.0377359
 0.000702804
   0.0398618
 -0.00515232
  -0.0928963
   -0.253608
   -0.189712
    0.345024
   -0.213305
    0.735901
   -0.620412
    0.131122
   -0.601354
    0.607773
   -0.470157
   -0.284377
    0.141424
     1.21479
   -0.693206
   -0.624769
   -0.185147
    0.546935
   -0.184122
   -0.140254
    0.237827
   -0.127985
   -0.212855
  -0.0263748
    -0.39802
   -0.367495
   -0.167602
   0.0453589
   0.0140638
   -0.271429
   -0.184038
    0.302428
   -0.555147
   -0.435489
   -0.455039
   -0.477771
   -0.154609
   -0.482669
   -0.098949
   -0.313279
   -0.574344
   -0.464155
   0.0386206
    0.368901
   -0.357697
   0.0206053
    0.116182
   -0.426597
   -0.713121
  -0.0925815
   -0.062527
   0.0661074
    0.507132
    0.463376
   0.0863785
    0.640845
  -0.0678074
     0.54147
   -0.310409
   -0.326336
  -0.0990074
   -0.398111
  -0.0451043
    0.099612
  -0.0783167
   -0.143112
   -0.389626
   -0.483361
    -0.20332
     0.23145
   -0.180509
  -0.0671064
 -0.00936546
   -0.150625
   -0.166365
   -0.335081
   -0.196381
    0.603401
   -0.163985
    0.213816
    0.119678
   0.0709481
  -0.0762825
   -0.151106
   -0.493784
   -0.951673
  -0.0190183
   -0.556628
   -0.475645
  -0.0141529
    0.160705
   -0.541513
    0.169217
  -0.0222978
   -0.313034
  -0.0413963
   -0.167376
   -0.752461
   -0.594814
   -0.058344
   -0.161813
   -0.225573
   -0.819778
  0.00412395
    0.415279
   -0.410996
  -0.0864326
   -0.141517
   -0.294618
      -1.249
   -0.418478
  0.00578416
   -0.327263
   -0.185102
  -0.0239688
   -0.551567
   -0.135461
   0.0856131
   -0.326239
 -0.00211579
   0.0328957
  -0.0117547
  -0.0379281
   -0.539054
   -0.061265
   -0.432462
  -0.0250632
  0.00647494
  -0.0171184
   0.0416896
    0.103852
   -0.749116
 0.000704637
     0.29647
    0.221589
  -0.0970677
    0.716511
   -0.170129
   -0.996627
   -0.350044
    0.185678
    0.356046
   -0.107842
    0.145929
    -0.21173
   -0.281692
  -0.0334049
   -0.296121
    0.194652
    -0.38945
   -0.571657
   -0.237768
    0.330939
   -0.446168
   -0.101694
    0.149724
    -0.25353
   -0.479076
   -0.477745
    -0.63516
   0.0449546
    -0.21687
   -0.101471
   -0.440255
   -0.287914
   -0.226426
    0.216785
   -0.170037
   -0.797853
    0.124339
   -0.295219
   0.0597322
  -0.0231075
    -0.26659
    0.463082
    0.298641
  -0.0856245
   -0.140131
   -0.153626
   -0.305809
   -0.543858
   -0.081786
   -0.226095
     0.87612
   -0.217746
   0.0656185
    0.316107
  -0.0469491
     1.23975
    0.235296
    0.242987
   0.0420978
   -0.657993
   -0.117445
    0.654807
   -0.348823
  -0.0337761
   -0.714307
   -0.307714
  -0.0446844
    0.018268
   -0.413598
    0.166084
   -0.239333
   -0.262317
   -0.391448
   -0.109414
   -0.390981
   -0.421245
   -0.012076
   -0.326857
   0.0513454
   -0.543917
   -0.217842
    -0.18258
   -0.167164
   -0.589483
  -0.0585999
    0.390317
   -0.354349
    0.134511
    0.482624
   0.0151751
   -0.183119
   -0.451744
   0.0231624
    -0.54218
  -0.0688904
    0.603457
  -0.0955336
    0.549162
   -0.108287
    0.188529
    0.568739
    0.146222
     0.23543
   0.0489002
  -0.0304517
   -0.394561
  -0.0803761
  -0.0963826
   -0.241424
   -0.344239
   -0.281284
   -0.239368
   -0.160919
    0.046155
    0.386749
   -0.149171
    0.281683
     0.36436
   0.0463553
   -0.707104
    0.180899
    -0.86101
  -0.0470265
   -0.178666
    -0.64125
    0.497118
   0.0143558
    0.355057
   -0.283818
   -0.464077
    -0.17729
    0.137967
  -0.0853939
  -0.0521301
   -0.232152
   -0.249546
   -0.330185
    0.158141
   -0.537737
   -0.879135
   -0.122403
   -0.199358
   -0.111995
   -0.100603
  -0.0617109
    0.401625
    0.134829
   -0.274772
   -0.542873
   -0.298893
   -0.609314
   -0.489489
    -0.44317
  -0.0947785
  0.00328067
    0.119685
   -0.321357
  0.00090654
     0.19148
    0.381446
    0.451302
   -0.326486
    0.147268
   -0.181083
    0.057694
   -0.320086
     1.42196
   -0.109393
   -0.320919
    0.397132
   -0.355268
   -0.185698
  0.00595117
    0.229912
    0.143297
  -0.0835396
   0.0252133
   -0.403011
    0.712099
   -0.301159
   -0.240819
    0.195231
   0.0382841
   -0.194898
   -0.323624
    0.203142
    0.129448
    0.388535
    0.155257
   -0.387471
   -0.471908
    0.324683
   -0.153426
  -0.0780278
  0.00558922
   -0.107254
   0.0903141
   -0.617191
  -0.0165521
   -0.251406
    -1.18979
    0.123783
    0.387086
  -0.0410534
   -0.215288
    -0.27894
   -0.351625
    0.132981
    0.132372
   -0.135016
   -0.128379
      0.1759
   -0.113887
   0.0346714
   0.0804512
     0.37086
    0.341472
  -0.0242801
   0.0668948
   -0.188121
   -0.425719
    0.117494
    0.401947
    0.983627
   -0.264851
   -0.663356
   -0.108095
    0.220603
    0.166422
 -0.00795107
  -0.0203172
   -0.483303
    0.196319
   -0.297967
   -0.102826
   -0.290995
     -0.2904
   -0.650487
  -0.0762039
   0.0308113
    -0.72028
  -0.0359227
   -0.594032
   -0.563546
    0.055083
    0.375848
   -0.262581
   0.0735407
   0.0784383
   0.0224763
   0.0736872
    0.320646
   0.0376217
   -0.190233
   0.0414342
   -0.139722
  -0.0602423
   -0.284098
  -0.0954493
   -0.182307
   0.0318007
   0.0498573
   -0.128135
    0.210357
   -0.334054
    0.126067
   -0.622981
   -0.635421
   -0.215668
     0.48119
   0.0516891
   0.0993651
   -0.531221
   -0.187249
       0.176
   0.0305413
   -0.542283
    0.267456
   -0.556141
    0.128061
   0.0808758
   -0.139813
   0.0310227
    0.207247
   0.0385926
    0.753521
   -0.347864
     1.04814
   -0.380469
   -0.133509
    -0.15473
   -0.521471
    0.682206
    0.282383
   -0.133598
    0.378875
   -0.349023
   -0.185939
   -0.160213
    0.508797
   -0.250352
  -0.0833305
    0.127075
    0.191944
    0.262711
     1.48432
   -0.202648
    -0.36434
    0.110869
     0.42762
   0.0959041
  -0.0595017
   -0.177039
  -0.0641383
    0.360409
   -0.305371
    0.193302
   -0.415818
    0.101248
    0.193966
   -0.475009
   -0.359436
   0.0167104
   -0.398054
    0.140654
    0.459842
   0.0598617
   -0.352413
   -0.102298
   -0.328623
    0.211839
   -0.486204
   0.0791133
   -0.929877
   -0.802838
   -0.159876
   -0.351868
    0.300767
  -0.0203574
   -0.234842
    0.278056
   -0.456775
   -0.609062
    0.459857
   0.0285863
   -0.096504
   -0.197367
   -0.172412
   -0.265373
  0.00425847
   -0.214104
    0.273763
    0.279008
    0.384302
   -0.372801
   0.0645905
   0.0395095
    0.170501
   -0.306089
    0.208815
    0.298164
   -0.128194
    0.180906
 -0.00568159
   -0.437062
    0.455192
   0.0823034
   0.0908764
    -0.40311
   -0.180409
    0.622608
   -0.518879
    0.413612
    0.168608
  -0.0775202
   -0.588243
    0.920269
   -0.157331
    0.278652
    0.568933
     1.12647
   -0.768538
  -0.0237175
   -0.641783
    0.699657
  -0.0681057
  -0.0141246
    0.515402
    0.398509
   -0.230435
   -0.251208
    -0.11587
  -0.0935943
    0.211521
    0.139937
    0.221175
   -0.026554
   0.0180244
    0.181704
   -0.148894
   0.0589418
   -0.661767
   -0.132232
   -0.475282
    0.537342
     0.29992
  -0.0631425
   -0.434595
   -0.032049
    0.230967
  -0.0150829
    0.239194
  -0.0640607
    0.150515
   -0.490873
    0.393803
    -0.26872
   0.0902294
   -0.573818
   -0.103474
    0.449986
    0.213145
    0.493334
   -0.587349
    0.837687
    0.291716
    0.248941
   0.0311584
    0.286094
   -0.249911
   0.0306214
   -0.216815
  -0.0712929
   -0.514744
   -0.530277
    0.159217
    0.605765
  -0.0658251
  -0.0901479
   0.0371281
    -0.31555
   -0.186993
  -0.0870529
  -0.0100736
  -0.0392797
   -0.585549
    0.495706
    0.143052
   0.0327259
   0.0481434
    0.252586
   -0.300429
   -0.230706
    0.124894
   -0.621944
   -0.334798
   -0.359429
    0.278636
   -0.643318
    -1.11791
  -0.0641348
   -0.689464
   -0.285628
   -0.534581
    0.113399
    0.185219
      0.2244
  -0.0870884
   -0.150639
   -0.450492
     0.24217
  -0.0862742
    0.129948
   -0.219153
   -0.225989
   -0.160916
    0.272898
  -0.0758888
    0.860876
  -0.0264752
    0.413329
    0.429312
    0.288168
    0.572897
    0.381684
  0.00531856
    0.370223
    0.329566
   0.0938813
    0.137119
    0.328088
    0.221167
    0.516964
    0.319428
    0.329241
     0.28901
    0.287011
    0.157571
    0.242391
    0.389409
    0.471037
    0.346847
    0.660569
    0.519921
    0.678591
    0.108867
   0.0485699
   0.0486577
     1.11822
  -0.0521151
    0.278786
    0.303952
    0.107825
     0.24381
    0.709961
     0.20337
   -0.542742
    0.161455
    0.258823
    0.309926
   0.0602828
  0.00628998
    0.473777
    0.130174
    0.267541
   0.0589348
   -0.281211
   -0.118922
    0.776922
    0.529315
    0.905903
    0.241797
    0.709483
    0.735005
    0.582494
    0.322241
    0.642083
    0.278867
    0.382415
    0.557407
    0.717084
    0.164246
    0.385534
     0.24693
    0.234432
    0.505095
    0.357921
    0.341275
    0.497465
    0.274629
     1.31496
    0.431533
    0.615364
    0.973462
     1.04555
     1.18131
    0.016323
    0.626053
  -0.0688171
    0.246613
     0.55928
    0.147248
  -0.0411187
    0.244603
    0.673518
    0.662035
    0.653829
    0.442229
    0.616671
    0.555626
    0.396218
     0.57157
    0.451885
    0.217029
    0.192333
    0.413071
    0.305908
  -0.0870886
    0.526693
    0.184431
    0.474611
  -0.0187143
    0.308464
    0.127716
    0.384597
    0.900239
    0.713346
    0.750612
   -0.171608
    0.286893
    0.680804
    0.739402
    0.300471
    0.318947
    0.293893
    0.253262
     0.22044
    0.582669
    0.453652
    0.156679
    0.790755
    0.365759
    0.778696
    0.610256
    0.277804
     1.01207
    0.896032
    0.120889
    0.331218
   -0.145561
  -0.0175864
    0.352984
    0.323664
    0.446587
    0.114839
      0.9408
    0.544912
   0.0170319
    0.104238
   -0.185028
     1.07383
    0.303629
    0.463182
   -0.244293
    0.103583
     1.29949
    0.422298
    0.396311
    0.246668
   -0.148718
     0.46816
   0.0617946
    0.497807
    0.199446
   -0.337545
   0.0553898
   0.0158088
    0.738616
    0.458255
    0.434921
    0.170643
    0.424013
    0.490076
   0.0219003
    0.476113
      1.3386
    0.693739
    0.720431
    0.277827
   0.0768765
    0.549831
    0.180989
    0.626957
    0.451742
    0.402551
    0.343001
     1.13947
    0.158972
    0.512435
     1.21403
      0.3061
     0.53387
    0.450194
    0.139108
    0.514105
    0.359953
     1.56477
   -0.274126
    0.408201
    0.916769
    0.329744
    0.555287
    0.167466
   0.0763118
    0.184315
   0.0627976
   -0.214003
    0.734719
     1.03665
    0.536353
    0.391377
    0.584182
    0.479359
   0.0217825
    0.229195
    0.320844
    0.159303
    0.380353
    0.277752
    0.230298
    0.112109
     0.82515
    0.292562
      0.4347
    0.682357
    0.245727
    0.596848
  -0.0255481
    0.193572
    0.589574
    0.610038
    0.456751
    0.425944
   0.0710437
     0.56881
    0.376713
  -0.0321057
     1.50642
    0.525262
    0.436694
  0.00798118
    0.246683
    0.444706
     0.26587
    0.302368
  -0.0758634
    0.863555
    0.188183
    0.475323
    0.702551
    0.602412
    0.177679
    0.271397
     1.24755
    0.353886
  -0.0216035
    0.180389
     1.13951
    0.324489
     0.32226
  -0.0942116
    0.206704
    0.249053
     0.43807
    0.186633
    0.900563
   -0.121188
    0.205221
    0.595548
    0.313641
    0.340191
    0.244724
    0.102113
    0.517148
    0.710337
    0.306387
    0.556495
    0.204935
    0.750089
    0.183696
     0.13239
     0.59114
      0.7556
    0.501751
    0.497538
    0.558746
    0.650802
    0.131606
    0.944433
    0.426784
    0.619471
    0.270636
    0.291997
    0.610232
     0.29719
    0.357705
    0.407163
    0.453961
    0.773938
    0.504021
    0.212434
    0.465361
    0.159076
    0.270473
    0.454544
    0.598091
    0.488262
    0.289038
    0.592791
    0.468698
   0.0856808
  -0.0879669
     0.10462
    0.709405
    0.214222
     1.54659
    0.548549
    0.294331
    0.790598
   -0.162933
    0.630258
    0.345566
    0.659429
  -0.0821848
  0.00502236
  -0.0922858
    0.445551
    0.748541
    0.135304
    0.540781
  -0.0925062
    0.150352
    0.856704
    0.982614
    0.364296
     1.82796
    0.360098
   -0.152103
     0.31533
   -0.170018
    0.599467
       0.864
   -0.190707
    0.255899
  0.00325118
    0.202152
    0.403025
   -0.669116
    0.539516
    0.876236
    0.121384
    0.361036
   0.0621915
    0.478857
    0.358325
     1.40791
    0.676904
    0.067331
    0.255552
    0.319575
    0.499418
    0.391145
    0.363191
    0.544811
    0.453121
     1.00459
    0.449012
    0.246412
   0.0576345
    0.210557
    0.286217
    0.440995
   -0.375632
    0.310853
    0.674126
    0.486238
    0.354757
    0.600265
    0.412177
    0.154945
    0.677975
    0.568997
    0.236357
    0.745403
    0.484807
     0.40877
    0.253918
    0.236711
     0.51275
    0.388681
     1.07745
    0.292329
     0.51203
    0.524957
    0.473392
    0.817511
    0.394616
    0.869424
    0.220595
    0.542101
     1.77186
    0.297503
   0.0933111
    0.621658
    0.265558
    0.629788
     0.92635
   -0.503712
    0.177757
    0.487687
     1.10436
     0.39638
  -0.0584088
    0.235932
     1.11866
    0.247908
  -0.0145396
    0.830456
     0.29097
    0.645769
    0.417748
    0.237717
    0.535996
    0.448951
    0.506356
   0.0327031
    0.848473
    0.420602
    0.311161
    0.319944
     0.28153
   0.0801088
    0.532022
    0.108706
    0.508936
   0.0561476
    0.402886
    0.631356
     0.71752
    0.164452
    0.633114
    0.602317
    0.583884
    0.396905
    0.295579
  -0.0211008
  -0.0963791
    0.223531
     0.28579
   0.0800679
    0.660321
    0.449186
    0.397852
    0.014193
    0.730035
    0.231688
    0.937919
    0.134137
    0.515413
   0.0799321
    0.382939
    0.379749
    -0.16004
    0.409331
   0.0987421
    0.729866
    0.724417
    0.174096
    0.118305
    0.271271
    0.487107
   0.0496756
   -0.373624
    0.110085
     1.04256
    0.335767
 6.78564e-05
    0.296351
    0.796458
    0.322634
    0.632278
  -0.0600389
    0.511179
     0.38546
    0.676524
   0.0495291
    0.308458
    0.507031
  -0.0133229
    0.516268
    0.506322
    0.204892
   0.0283147
  -0.0465501
    0.154842
    0.554194
    0.183814
    0.731943
    0.577629
    0.392862
     0.50271
     0.85053
    0.496477
      1.0266
    0.453809
    0.642534
    0.778362
    0.635298
    0.279334
   -0.236994
   -0.154791
   -0.216058
   -0.540808
   -0.326599
     0.21289
   -0.642869
    0.353038
    0.644755
    0.139895
   0.0360253
    0.527891
    0.631934
     0.48253
    -0.20007
    0.377346
   -0.400823
    0.299006
   0.0698305
    0.112153
   0.0394662
    0.261166
   0.0990272
    -0.25464
   -0.762301
  -0.0308445
   -0.128985
    0.623594
     0.57336
    0.743599
    0.421539
   -0.387375
   -0.479548
    -0.13559
 -0.00714884
    0.269723
    -0.24234
    0.127773
   -0.364108
     0.25823
    0.199579
    0.161934
    0.445448
   -0.309841
    0.311987
    0.363295
  -0.0940232
  -0.0842168
    -0.33376
   -0.215997
    0.354277
    0.672898
   0.0841929
    -0.21213
    0.289888
   -0.177912
    0.338802
    -0.37741
   0.0319365
    0.255761
   -0.491074
   -0.383046
    0.247472
     -0.3626
  -0.0204089
   0.0523767
   -0.387932
    -0.38103
   0.0832173
   -0.721623
  -0.0162231
     0.28074
   -0.158654
    0.550873
    0.119833
   -0.586427
    -1.28246
    0.315366
   -0.152193
    0.148783
   -0.348869
  -0.0981663
    -1.05082
    0.409674
    -0.37407
   -0.037054
   -0.220072
    0.177471
    0.525224
   0.0738011
    0.353952
    0.377875
   -0.508318
  -0.0244881
    0.117698
    0.180516
   -0.207215
   -0.422861
    0.549335
    0.114126
    0.193804
  -0.0893075
    0.127843
   -0.592221
    0.073421
     0.59437
    0.879818
   0.0804356
    0.334868
    0.748155
    0.214977
    0.253976
  -0.0470997
   -0.201002
  -0.0632753
  -0.0932549
    0.198274
    0.060286
   -0.722997
   -0.315382
    0.861607
   -0.753861
   -0.767928
    0.545533
    0.344158
   -0.170513
  -0.0247111
    0.538291
 -0.00914675
   -0.290179
   -0.241475
   0.0719161
   -0.597372
    -0.71582
    0.127081
    0.514522
   -0.376431
    0.346081
   -0.317972
   0.0645193
   0.0261437
   -0.113295
   -0.201671
   0.0510811
   -0.408974
   0.0852292
   -0.810995
   -0.348201
    0.295018
   -0.183107
    0.440776
   -0.292209
    0.480337
    0.264036
    0.240147
   -0.007314
    0.212747
     0.38592
   -0.902013
  -0.0136704
  -0.0887873
    0.837341
    0.312884
   -0.677402
    0.065202
    -0.22842
  -0.0505462
  -0.0202513
    0.192266
    0.426272
    -0.45567
   -0.255693
  -0.0325115
   -0.370886
   -0.489926
    -0.15942
    0.339018
   -0.475632
 -0.00765606
   -0.700027
   0.0904691
   -0.829859
    0.135943
  -0.0387054
   -0.221217
   -0.136063
  0.00171429
    -1.01991
    -0.19823
   -0.269553
   -0.364512
   -0.166596
   -0.162388
   -0.095025
   -0.357783
    0.113939
    0.826743
   -0.160241
   -0.289942
    0.188987
    0.650636
     0.13673
    0.109612
   -0.449148
   0.0526816
  -0.0383175
    0.549748
    0.136737
   -0.401511
  -0.0916326
    0.438082
   -0.435148
     0.60492
    0.185971
   -0.312173
   -0.622967
  -0.0230351
    0.811462
    0.319272
    0.294418
   -0.145823
   -0.467115
   -0.229483
  -0.0139803
   0.0150367
  -0.0140929
    0.636348
    0.101154
     0.15127
    -0.29432
    0.291327
   -0.117699
   -0.624608
    0.577261
   0.0917554
    0.317688
     0.13818
    0.801931
    0.321839
  -0.0901844
    0.239696
    0.269544
   -0.719062
   -0.495304
    0.799774
  -0.0852327
    0.241487
    0.192139
    0.986336
    0.404979
  -0.0232731
   -0.673421
   -0.457766
   -0.805845
   -0.181395
   -0.478596
   -0.313472
    0.310953
     0.17726
   -0.172484
   -0.368239
   -0.412091
   -0.188008
   -0.414618
   0.0313049
    0.435629
   -0.595899
     0.59847
  0.00115491
    0.586136
   -0.353955
   0.0946373
   -0.134725
    0.180482
  -0.0861407
   -0.365196
    0.332531
   -0.409764
    0.382084
   -0.589611
   -0.233034
    0.464875
    0.337596
   -0.573675
    0.563964
    0.264014
    0.389336
    0.160034
   -0.159834
     0.32953
   -0.798361
   0.0303129
    0.914423
   -0.203932
   0.0602034
    -0.26624
   -0.295022
   -0.319509
    0.187818
 -0.00559543
    0.710739
    0.363282
  -0.0565401
   -0.530409
   -0.515399
    -0.50637
    0.401029
    0.194328
    0.786296
     0.13924
    0.642049
    0.791566
   -0.330739
   -0.187455
  -0.0636609
    0.278658
   -0.379043
    0.542754
   -0.407503
   -0.196697
   0.0422505
   0.0407656
    0.239887
   -0.696854
   -0.460866
   -0.373428
    0.871945
    0.533628
    0.191441
    -0.12658
     1.16993
    0.732483
    -0.19693
  -0.0798792
   -0.318998
  -0.0604618
   -0.152472
    0.328985
    0.534012
   -0.180093
   0.0429335
   -0.143471
   -0.146656
   -0.110269
   -0.100606
   -0.101314
   0.0173385
     0.18066
   -0.574023
   0.0462148
    0.530056
    0.364357
    0.165256
    -0.76189
   0.0778236
    0.234546
   -0.142577
 -0.00531014
    -0.63637
    -0.23926
    -0.12752
   -0.662186
   0.0997341
   -0.100857
    0.630181
    0.184017
    0.352431
  -0.0293023
     0.10005
   -0.756698
   -0.666176
    0.317443
    0.569563
 -0.00331674
   -0.539986
   0.0160597
   -0.778457
   0.0267264
   -0.165358
  -0.0265857
  -0.0184408
   -0.365899
   -0.535026
    0.638569
    0.164529
    -0.16639
   -0.628102
    -1.17517
   -0.508939
   -0.147442
    0.279882
     1.13304
    0.313113
    0.508942
    0.661231
   -0.303544
     0.24243
    0.869763
    0.212281
   -0.101032
   0.0679553
    -1.42392
  -0.0321675
    0.543704
   -0.178052
   -0.708074
    0.284134
    0.270444
   -0.621573
   -0.957806
     0.15639
  -0.0690126
   -0.293317
    -0.28336
   -0.415739
   -0.382325
    0.611578
     0.11989
   0.0493303
   0.0102107
    0.125994
   -0.329973
   0.0951916
  0.00673031
    0.139179
    -1.02049
   -0.329258
    0.237129
    0.290679
     0.34279
  -0.0815616
   -0.773968
   -0.489745
   0.0969227
    0.023829
  -0.0290532
    0.413581
   -0.495609
   -0.413843
    0.301136
     -0.4005
   -0.519246
   -0.644831
  -0.0849581
 -0.00968943
    -1.12691
    0.110423
     0.25871
   0.0226854
   -0.728163
    0.245794
   -0.315563
   -0.363658
   -0.439771
   -0.116088
   -0.145179
   0.0549407
    0.682949
    0.752738
   -0.100929
   -0.250155
   -0.330021
    0.226048
  -0.0127105
    0.814181
   -0.779918
  -0.0367425
    0.460669
    0.254929
    0.271708
    0.525835
    0.458753
   -0.251809
  -0.0228689
    0.495749
    0.186588
   -0.601226
    0.257914
    0.253104
 -0.00549755
   -0.696351
   -0.442131
   -0.362835
  -0.0821547
   0.0194844
    0.523073
   -0.161687
   -0.429838
  -0.0871933
     1.15398
    0.729554
    0.377165
    0.568793
    0.140846
   -0.225227
    0.175643
    0.499573
   -0.554188
   -0.847753