   -0.578799
   -0.356957
   -0.312069
   -0.342904
  0.00563487
  -0.0297185
   -0.188367
  -0.0948497
   -0.300461
   -0.267203
  -0.0342881
   -0.171068
   -0.182443
    0.154291
  0.00947872
   -0.418839
  -0.0162013
   0.0167527
   -0.148868
   -0.223582
  -0.0169929
    -0.14497
    0.218614
    0.168179
   -0.141189
   0.0622009
   -0.379635
   -0.500302
   -0.148596
   -0.275249
   0.0288434
   -0.319295
   -0.144378
   -0.260038
   -0.335244
   -0.372095
   -0.265229
   -0.108163
  0.00903942
   0.0406484
   -0.193945
    0.104817
    -0.48032
   -0.121288
   -0.758381
    -0.23259
   -0.183873
   -0.510939
   -0.417779
   -0.131037
    0.108432
  0.00403231
   -0.569631
   -0.125757
   -0.233052
   -0.203428
    -0.31333
   -0.580063
   -0.125271
   -0.263803
   -0.235609
    0.120476
   -0.221461
   -0.528438
    0.139365
   -0.434518
    -0.08873
   -0.305999
    -0.24369
   0.0363825
   -0.121506
   -0.227013
    0.170436
   -0.268035
   0.0151111
   -0.238373
   0.0519971
    0.458365
    0.114044
    -0.29237
   0.0932928
   -0.415905
  -0.0263183
    0.202904
   -0.134588
   0.0859066
   -0.469666
   -0.104029
   -0.162702
   -0.121889
   -0.491775
   -0.156689
    -0.28657
   -0.459398
   -0.145375
  -0.0467912
    -0.29129
   -0.134332
    0.164108
   -0.292755
    0.176189
   -0.192959
   -0.195568
   -0.245739
   -0.497696
    -0.31368
    -0.27367
   -0.132116
   -0.137753
  -0.0680336
  -0.0789389
   -0.171462
   -0.120947
   -0.266528
   -0.241172
   -0.493491
   -0.195003
    0.150258
  -0.0820608
    0.184528
   -0.292379
   -0.190509
    0.303686
   0.0165668
   0.0940585
   -0.170705
  0.00824933
   -0.412022
   -0.121345
   0.0201002
   -0.289886
  -0.0952194
   -0.429043
   -0.182769
   -0.110191
  -0.0444648
   -0.233025
  -0.0738594
   -0.227819
   -0.099762
   -0.318258
   -0.521711
  -0.0261259
   -0.569943
  -0.0742709
   -0.304559
   -0.405688
    0.175778
   -0.175769
    0.137462
   -0.312301
   -0.288727
  -0.0121511
   0.0357178
  -0.0588204
  -0.0795524
   -0.395296
   0.0155931
    -0.19885
  -0.0937416
  -0.0529548
   -0.640067
  -0.0551651
   0.0415022
   -0.394422
  -0.0252247
   -0.143305
    0.162885
   -0.317457
   -0.132841
   -0.046712
   -0.408133
   -0.480503
    -0.40307
   -0.211473
   0.0822911
   -0.396003
   -0.033886
   -0.227301
   -0.345223
    0.229968
   -0.570192
   0.0244719
   -0.244825
  -0.0479255
   -0.319208
    -0.24241
   -0.235532
  -0.0293122
   -0.170982
   -0.238602
   -0.178071
   -0.356717
   -0.016051
   -0.197389
    0.069809
   0.0166615
   -0.280008
   -0.244667
  -0.0671479
   -0.639678
   -0.313727
  -0.0851353
    -0.06871
  -0.0393004
   -0.135649
   -0.279736
   -0.143758
    -0.22503
  -0.0884629
  -0.0553409
    -0.43291
   -0.358121
  0.00697571
    -0.29582
    0.105639
   -0.115474
   0.0307205
    0.177679
   -0.190082
     0.11932
   -0.340459
    -0.26031
    0.237454
    0.313383
   0.0219143
    -0.20182
   -0.281184
   -0.568521
   -0.124533
    -0.29701
   -0.220282
   -0.247604
   -0.068358
   -0.165226
   -0.327848
  -0.0975064
    0.211177
    0.142499
   -0.117981
    -0.32654
   -0.261842
  -0.0125308
   0.0315718
   0.0284725
    0.577094
   -0.499523
   -0.287507
  -0.0468363
  0.00207914
    0.104334
  0.00886919
   -0.152734
   -0.248026
   -0.231279
   -0.382949
   -0.198971
   -0.343777
   -0.161921
    -0.29687
   -0.250659
  -0.0157069
   -0.220975
   -0.130278
   -0.118977
   -0.335599
   -0.242344
    0.139391
  -0.0895094
   0.0922694
    0.120576
  -0.0341277
    -0.22988
   -0.426763
   -0.420925
   -0.169289
  -0.0384957
   -0.144183
   -0.232372
   -0.616242
   -0.348435
  -0.0514138
   -0.112742
   -0.422051
   -0.200283
   -0.111973
   -0.406681
     0.13439
   -0.270544
   -0.148283
   -0.186994
    0.114621
  -0.0398901
   -0.104051
   -0.437799
  -0.0630862
   0.0986457
  -0.0838545
   -0.514279
   0.0216228
   -0.614363
 -0.00343471
   -0.336018
   -0.145634
   -0.233608
    0.305104
   -0.469102
    0.883657
   -0.448681
   0.0348608
   -0.460042
   -0.203861
   -0.314153
   -0.209457
    0.217925
   -0.197868
    -0.22959
   -0.293063
  -0.0870436
    0.114868
    0.107888
  -0.0277123
   -0.169994
   -0.539428
    0.343899
   0.0975191
   -0.259195
     0.44132
  -0.0479604
   -0.203859
  -0.0228477
   -0.491247
  -0.0657237
    0.156654
   -0.453288
   0.0034281
    0.254082
   -0.272769
   -0.244453
   -0.308527
   -0.277479
   0.0819989
   -0.154118
    -0.42443
   -0.067113
   -0.255803
   0.0355775
   -0.598128
     0.12064
  -0.0465699
   -0.202966
  -0.0330405
   -0.249839
      -0.147
   -0.110027
    -0.79688
   -0.754558
   -0.177118
   -0.332661
   -0.526879
   -0.391585
   -0.163558
  -0.0115655
   -0.229056
   -0.286471
    0.247403
   -0.228165
  -0.0494009
  -0.0769801
  0.00380039
   -0.171761
   0.0281902
   -0.629358
   -0.341348
    0.162017
    0.401196
   -0.409777
   0.0149508
   -0.125851
    0.376357
   -0.402647
   0.0666315
   -0.158746
   -0.208218
    0.125893
  -0.0923373
   -0.117809
    0.205722
    0.205992
   -0.262864
   -0.180901
   -0.122778
  -0.0341651
   -0.331172
    0.308154
   -0.353694
  -0.0246881
   -0.654643
    0.271607
   -0.258841
   -0.380737
    0.117027
    0.336644
   -0.428815
   -0.509931
    -0.21485
    0.642574
   -0.317828
  -0.0320607
    0.416489
     0.24076
   -0.235384
   -0.334805
   -0.422743
   -0.378008
  -0.0664282
    0.028978
   0.0337755
   -0.150367
   -0.293176
    0.351963
   -0.344484
   -0.377543
   -0.370118
   -0.389351
    -0.34581
  -0.0646186
  -0.0157854
   -0.205079
   -0.465398
   -0.454104
   -0.191525
   0.0532447
   -0.196442
    0.105364
  -0.0271805
   -0.373606
   -0.249752
  -0.0855327
   -0.327217
    -0.20032
    0.304008
    0.228575
  0.00694946
    0.245018
   -0.143295
    0.663157
   -0.129391
   -0.463437
   -0.168684
   -0.272444
 -0.00187628
   0.0787763
   -0.314338
   -0.307758
   -0.286154
   -0.535291
   -0.071371
    0.354996
  -0.0328311
   -0.124749
   -0.151945
   -0.154038
   -0.132326
    -0.35714
   -0.143011
     0.32216
  -0.0734083
    0.191022
  -0.0452399
   -0.221384
   -0.114487
    -0.33226
   -0.375151
   -0.354782
  -0.0971154
   -0.344101
   -0.103512
   -0.080562
   0.0702299
    -0.34429
   -0.160301
  -0.0932625
  -0.0769057
   -0.127315
 -0.00043904
   -0.561154
   -0.467001
  -0.0876403
   -0.358355
  -0.0916946
    -0.62467
   -0.178502
    0.126789
   -0.297677
   -0.348425
   -0.182597
   -0.189146
  -0.0766132
   -0.253272
  -0.0821452
    -0.22635
   -0.186413
   -0.343529
   -0.248636
   -0.265603
   -0.129671
   -0.246128
  -0.0651881
  -0.0487853
  -0.0400209
   -0.174383
   -0.176506
    0.162223
   -0.499402
   -0.169343
  0.00300465
   0.0192695
   -0.105452
   0.0818742
   -0.348376
    -0.12328
  -0.0793133
    0.231761
   -0.125749
     0.26185
   -0.114989
   -0.735195
   -0.130069
   -0.105678
    0.267487
   -0.382893
  -0.0199005
   -0.248346
   -0.274437
   -0.205896
   -0.306835
    0.104129
   -0.106535
   -0.109225
   -0.154064
     0.15269
   -0.376234
  -0.0446621
  -0.0598451
   -0.233975
   -0.485539
   -0.472035
   -0.448603
   -0.158562
   -0.145511
   -0.232909
   0.0681891
   -0.103956
    -0.30966
 -0.00978484
   -0.252803
   -0.603947
   0.0687919
   -0.299267
   -0.222485
  -0.0434886
   -0.104058
   -0.168185
   -0.130511
   -0.285685
   -0.128938
  -0.0978778
   -0.173083
    -0.20449
  -0.0969013
   -0.433535
   0.0456238
   -0.352685
  -0.0911064
    0.146969
    0.173434
     0.87754
    0.234376
   -0.176959
   0.0424349
   -0.358588
    -0.11787
    0.537724
   -0.231312
    0.032994
   -0.526978
   -0.280526
    -0.25835
  -0.0883678
   -0.282756
    0.139568
   -0.405714
   -0.374359
  -0.0320617
   -0.263091
   -0.171876
   -0.183083
   0.0907151
   -0.205534
   -0.058746
    -0.40868
   -0.129678
  -0.0760808
    -0.16246
   -0.300666
  -0.0392152
   0.0722077
   -0.183345
   0.0548211
    0.233374
  -0.0731298
    -0.22554
   -0.329538
   -0.107525
   -0.369888
   -0.130131
    0.509736
   -0.180372
    0.226767
   -0.173021
   0.0889897
    0.393063
  -0.0701688
    0.124558
  -0.0218169
   -0.199222
   -0.275231
   0.0113063
  -0.0230231
   -0.363012
    -0.15913
   -0.374289
   -0.177806
    -0.13406
   -0.290621
 -0.00926327
  -0.0935462
   0.0420011
    0.109538
  -0.0106865
   -0.442774
    0.229672
   -0.586835
    0.049098
   0.0198715
   -0.450518
    0.228056
   -0.266548
    0.314814
   -0.376242
   -0.388773
   -0.293563
  0.00203652
  -0.0868857
   -0.221764
   -0.323942
   -0.194693
   -0.394312
 -0.00898484
   -0.217684
   -0.488463
   0.0873617
   0.0488582
   -0.344749
   0.0311492
   -0.170659
    0.178999
   -0.024007
  -0.0999026
   -0.367987
   -0.207729
   -0.494288
   -0.367885
   -0.442886
  -0.0404981
  -0.0870554
    0.219307
   -0.379541
   -0.127798
    0.231793
   -0.317299
    0.213756
   -0.332131
   0.0248646
   -0.295851
   0.0977397
   -0.456938
    0.614978
    -0.17552
   -0.171052
    0.126618
   -0.279928
   -0.322636
   -0.256696
  0.00127834
  -0.0160136
   -0.113237
    0.137954
   -0.175023
    0.530659
  -0.0318501
   -0.219946
   0.0367513
   -0.188946
   -0.246774
   -0.340678
  -0.0250688
  -0.0539305
    0.156015
    -0.07125
   -0.303267
   -0.307939
    0.192951
   -0.458573
   -0.214281
  -0.0357799
     0.16033
    0.294158
   -0.391149
   -0.123365
   -0.193843
   -0.663308
    0.106228
   0.0896993
   0.0886803
   -0.196268
   -0.297694
   -0.579611
   -0.134542
    0.119373
   0.0331766
   -0.345677
    0.103803
    0.143071
   -0.315741
   0.0301004
   0.0415616
    0.123963
 -0.00862013
   -0.202066
   -0.227113
   -0.129748
   -0.136298
    0.153217
    0.866544
   -0.445309
   -0.512936
   -0.107854
    0.226929
   0.0229064
   -0.150829
    -0.14564
   -0.170949
  -0.0433945
   -0.139298
   -0.109574
   -0.191437
   -0.193682
   -0.333798
  -0.0467544
   0.0782431
   -0.353323
  -0.0738152
   -0.331031
   -0.512961
  -0.0496725
    0.107956
   -0.214077
   0.0151248
   0.0180551
   0.0100223
  -0.0561597
    0.138532
    -0.31363
   -0.351723
    -0.12926
   -0.114909
   0.0189821
   -0.264782
   -0.347441
   -0.182795
  -0.0868394
  -0.0028667
   0.0111706
  -0.0210099
   -0.253734
  -0.0717115
   -0.434553
   -0.218195
   -0.171601
    0.266961
    -0.12046
   0.0883051
    -0.41896
   -0.063532
   0.0261716
   0.0419891
   -0.417557
  -0.0701463
    -0.48435
  -0.0622072
-0.000142408
   -0.227151
   -0.102819
    0.348633
   -0.295149
    0.469908
   -0.288649
    0.226161
   -0.343203
   -0.246694
   -0.121141
   -0.209998
    0.795519
   0.0252919
    0.126028
   -0.113958
    -0.25182
  -0.0694474
  -0.0920881
    0.382268
   -0.217617
   -0.352776
    0.190767
   0.0802876
   0.0724547
      1.2547
  0.00633349
  -0.0287135
    0.137141
     0.15746
   0.0600768
    0.058875
   -0.179024
  -0.0791686
   0.0726427
   -0.229301
    0.199988
   -0.158605
   -0.051794
    0.341337
   -0.390852
   -0.532287
   -0.107253
   -0.447865
   0.0453124
  -0.0939263
    0.101266
   -0.205674
   -0.227166
   -0.141564
    0.102216
   -0.206541
   -0.153122
   -0.629255
   -0.578826
   -0.242714
   -0.203462
  -0.0229494
   -0.198736
   -0.173183
   0.0180747
   -0.458354
   -0.145052
    0.279119
  -0.0382066
    -0.19318
   -0.162795
   -0.267014
   -0.343413
   -0.040061
   -0.201496
  -0.0523343
    0.113852
    0.238146
   -0.355025
  0.00752869
  -0.0906764
    0.249105
   -0.196035
  -0.0140378
  -0.0307614
   -0.342485
    0.394534
   0.0435234
   -0.364662
    0.294064
    0.349182
   -0.206852
    -0.22711
  -0.0765587
    0.222213
   -0.419174
    0.339163
  -0.0584796
 -0.00636996
   -0.572027
    0.295617
   -0.292124
     0.23236
    0.181168
    0.251611
   -0.466557
   -0.245805
   -0.518006
    0.512793
   -0.394441
  -0.0660493
    0.590076
    0.382525
   -0.259701
   -0.331983
   -0.303773
   -0.177288
    0.201717
    0.147631
      0.2104
   -0.195544
   -0.080531
    0.138906
   -0.148825
  -0.0658686
    -0.31762
    -0.35047
   -0.502887
    0.143329
    0.293344
   -0.103711
   -0.387792
   -0.212785
  0.00178553
    0.179448
   0.0729894
  -0.0758697
   0.0245187
   -0.253799
   0.0256075
    -0.30211
  -0.0447109
   -0.506503
  -0.0909796
    0.302957
  -0.0558294
    0.150073
   -0.382121
     1.04386
  -0.0749725
  -0.0612659
   0.0355192
   -0.005849
   -0.109279
    0.135045
   -0.304786
  -0.0513009
   -0.299824
   -0.288811
    0.124329
    0.387364
    0.151424
   -0.133608
    0.103948
   -0.150364
   -0.262833
   -0.390609
  -0.0556275
   -0.159631
   -0.218068
    0.258588
    0.158951
    0.146529
   -0.141499
   -0.161014
   -0.346084
  -0.0741076
  -0.0710404
   -0.370752
   -0.193882
   -0.113769
    0.137464
   -0.496295
   -0.488965
  -0.0727748
   -0.497487
   -0.159797
   -0.308209
   -0.176273
   -0.380495
   0.0893151
   -0.138152
   0.0171297
   -0.376634
   -0.101023
   -0.060237
   0.0261516
   -0.409808
   -0.126129
 -0.00898738
    0.394632
   -0.227455
    0.953844
    0.521723
    0.560847
    0.378061
    0.393121
    0.701225
    0.564964
    0.510758
    0.549059
    0.404402
    0.334068
    0.196283
    0.483634
    0.501799
    0.657864
    0.510977
    0.631134
     0.71996
    0.578998
    0.688452
    0.758765
    0.375343
    0.348248
    0.472117
    0.766968
    0.765188
    0.607733
    0.350327
    0.265146
    0.447612
     0.98412
    0.285551
    0.447756
    0.298966
    0.319701
     0.70965
    0.787944
    0.576043
    0.327738
    0.521692
     0.53916
    0.462617
    0.687247
     0.42579
    0.617968
    0.499608
    0.452561
    0.242199
   0.0874938
    0.273107
    0.777719
    0.636541
    0.898356
    0.548897
    0.860915
    0.648987
    0.512193
    0.464936
    0.722594
    0.452553
    0.786925
    0.602861
    0.680956
    0.525864
    0.597614
    0.305564
    0.621381
    0.536306
    0.596756
     0.72238
    0.784034
    0.399615
    0.675528
    0.584569
    0.960571
    0.823081
     1.19238
     1.25092
    0.467143
    0.811373
    0.451454
    0.855546
    0.602385
     0.72477
    0.504721
    0.487899
    0.611842
    0.766094
    0.597711
    0.579922
    0.510848
    0.849535
    0.686014
    0.595976
    0.548901
    0.523108
    0.417524
    0.677929
    0.435553
     0.31803
    0.617815
    0.565063
    0.516355
    0.491878
    0.506484
    0.668739
    0.466733
    0.860939
    0.581705
    0.865711
    0.268542
    0.493878
    0.831902
     0.48407
    0.527508
    0.418647
    0.487813
    0.423087
    0.569749
    0.722872
    0.246899
    0.589451
    0.617279
    0.571338
    0.698607
    0.825427
    0.632374
    0.595065
    0.714334
    0.589021
     0.52504
    0.344068
     0.35465
    0.700734
    0.650652
    0.544071
    0.319978
    0.737282
     0.76388
    0.393083
    0.366543
    0.278194
    0.714569
    0.712784
    0.846993
    0.464052
    0.614419
    0.847136
    0.672518
    0.688859
    0.464491
    0.302584
    0.598968
     0.24043
      0.5156
    0.644076
    0.150376
    0.258764
    0.294272
    0.933482
    0.637329
    0.670346
    0.511899
     0.54747
    0.726584
    0.455989
    0.758458
    0.945384
    0.601953
    0.894274
    0.663422
    0.646415
    0.630275
    0.445438
    0.736314
    0.642002
    0.449819
    0.650054
    0.979812
    0.508892
    0.653939
     1.08877
     0.44716
    0.599179
    0.650571
    0.432334
    0.626011
    0.725653
     1.23291
    0.432649
     0.48924
     1.00909
    0.658907
    0.811046
    0.696894
    0.418947
     0.44989
    0.531031
     0.14631
    0.571123
     1.12015
     0.57979
    0.534635
    0.670995
    0.495285
    0.349768
     0.28029
    0.769458
    0.495331
    0.725583
    0.376801
    0.485702
    0.438374
    0.739739
    0.468248
    0.637569
    0.819502
    0.735973
     1.02897
    0.292339
    0.668599
    0.665562
    0.693335
    0.592272
    0.474762
    0.488558
    0.886692
    0.586394
    0.184315
    0.912249
    0.751106
     1.00461
    0.516537
    0.531399
    0.554617
    0.445536
    0.754186
     0.34868
    0.386491
    0.455875
    0.410566
    0.627455
    0.815284
    0.663476
    0.409896
     1.34766
    0.436042
    0.308357
    0.419248
    0.983374
    0.505285
    0.369843
    0.256197
    0.488447
    0.467177
    0.657899
    0.457502
    0.740645
    0.250634
    0.650168
    0.632966
    0.616739
    0.481563
    0.509549
    0.448215
     0.52652
    0.734103
    0.589739
    0.444646
    0.525742
    0.691978
    0.435889
    0.568532
    0.643764
    0.660063
    0.608795
    0.513155
    0.671858
    0.652103
    0.667713
     1.01863
    0.713734
    0.590185
    0.447452
    0.547161
    0.525299
    0.497006
    0.604179
    0.591478
    0.555855
    0.724031
      0.7029
    0.546561
    0.656363
    0.419273
     0.62205
    0.506772
    0.752075
    0.361321
    0.735213
    0.506384
    0.620355
    0.410576
    0.225871
    0.208832
    0.806659
      0.5676
     1.41961
    0.453817
    0.382933
     0.66365
    0.387751
    0.617118
    0.468959
    0.977695
    0.316359
    0.408281
    0.399796
    0.693047
    0.695824
    0.537092
      0.6583
    0.260591
    0.302679
     0.80064
    0.852393
    0.219154
     1.72485
    0.498426
    0.184903
    0.635687
    0.387896
    0.727039
    0.965897
    0.441275
    0.547098
     0.24912
    0.336297
    0.498711
    0.132239
    0.736562
     1.04932
     0.39509
    0.495816
    0.423514
    0.604008
    0.698318
     1.03753
      1.0081
     0.34156
    0.734307
    0.833783
    0.681245
    0.631062
    0.593872
    0.843981
    0.648239
     0.88454
    0.507731
    0.421202
    0.302177
    0.383281
    0.544362
    0.586829
    0.485451
    0.539398
    0.639076
    0.650417
     0.51061
    0.599231
    0.537828
    0.492066
    0.697896
    0.784301
    0.428627
    0.865672
    0.491921
      0.4579
    0.367869
    0.553753
    0.573516
    0.550962
    0.815866
    0.445486
    0.820759
    0.779172
    0.491727
    0.835005
    0.968591
    0.714761
    0.396473
    0.623247
     1.27145
    0.409755
     0.62424
     1.00464
    0.522329
    0.728553
    0.772399
    0.211272
    0.617905
    0.676645
    0.338157
    0.683673
    0.372771
    0.334527
     1.15716
    0.508764
     0.22599
     1.09157
    0.762702
    0.596112
    0.742279
    0.484283
    0.986959
    0.553993
    0.713625
    0.441507
    0.712084
    0.538607
     0.49089
    0.340412
    0.512606
    0.528102
    0.567858
     0.52714
    0.974939
    0.709712
    0.627151
    0.597784
     0.75742
    0.567092
    0.769368
    0.908296
    0.733546
    0.448267
    0.399457
    0.932609
    0.381198
    0.448425
    0.318489
    0.271061
    0.644772
    0.465768
    0.625963
    0.329524
     1.22941
    0.635179
    0.527244
    0.532849
    0.643275
    0.224551
    0.585457
    0.787918
   0.0958353
    0.573666
    0.361182
    0.654983
    0.779793
    0.807799
    0.192881
    0.652243
    0.738173
     0.49825
    0.167791
    0.509031
    0.805281
    0.522695
    0.341948
    0.648751
    0.582093
    0.489789
    0.685275
    0.222858
    0.845666
    0.368719
    0.818273
    0.317066
    0.551592
    0.826223
    0.355665
    0.576394
    0.489629
    0.573074
    0.343099
    0.200652
    0.161441
    0.615177
    0.402429
    0.850479
    0.644976
    0.529733
    0.664509
    0.847217
    0.415686
    0.865071
    0.559767
      0.7661
     1.25213
    0.757738
  -0.0951415
   -0.301065
   -0.231558
   -0.022171
   -0.370194
   -0.166544
    0.255227
  -0.0796263
    0.110082
    0.339131
    0.149879
    -0.22221
    0.323539
    0.524474
    0.171936
   -0.177995
     0.30372
   -0.281663
    0.292068
 -0.00435614
    0.167881
   -0.130022
    0.205525
  -0.0209222
   -0.133998
   -0.560008
-0.000281981
   0.0151821
    0.248809
    0.290335
    0.471299
    0.220703
   -0.318311
   0.0307704
  -0.0659879
    0.125002
   0.0504419
  -0.0697016
   0.0585956
   -0.354991
    0.283717
    0.265267
    0.214421
    0.140575
   -0.379459
    0.182886
    0.342206
  -0.0418755
   -0.204305
  0.00173633
   -0.203375
 -0.00694773
    0.354995
  -0.0401127
  0.00781232
    0.365544
  -0.0755472
     0.20314
   -0.306207
   -0.180835
    0.180003
   -0.480224
    -0.13108
  0.00679923
   -0.203678
  -0.0172024
  -0.0158984
   -0.203101
   -0.327707
   0.0241506
   -0.321735
 -0.00614724
   -0.083949
   -0.166406
    0.303076
  -0.0764714
   -0.514362
   -0.783386
    0.248789
 -0.00635255
    0.201105
    -0.17496
  -0.0613087
   -0.697986
    0.428205
   -0.261391
  -0.0612853
   -0.252502
   0.0620663
    0.413344
    0.193392
    0.423679
    0.307422
   -0.237101
  -0.0389118
   0.0414719
    0.117737
  -0.0407974
   -0.515865
     0.33669
   0.0803138
 -0.00106983
   0.0695855
    0.288073
    -0.32068
   0.0886803
    0.390542
    0.436982
   0.0864621
    0.323347
    0.354106
   0.0494105
    0.132236
   -0.110413
   -0.308144
 -0.00996912
   0.0113375
  -0.0261233
    -0.13932
   -0.475801
   -0.125587
    0.388576
   -0.406944
   -0.330108
    0.129965
   0.0261294
   -0.196167
  -0.0211749
    0.418963
   0.0821799
  -0.0460076
   -0.179751
   0.0614177
   -0.319728
   -0.411159
   0.0264284
    0.265693
   -0.160944
  -0.0321078
   -0.375588
    0.110563
  0.00242824
    -0.11311
  0.00406657
     0.22371
  -0.0200667
    0.109791
   -0.545156
    -0.20837
    0.334278
  -0.0857937
    0.354569
   -0.247841
    0.252239
   0.0656526
    0.241678
  -0.0708275
    0.141022
    0.227272
   -0.604384
  -0.0673958
  -0.0160953
    0.475378
    0.220549
   -0.306776
   0.0208898
   -0.150532
    0.143508
  -0.0326049
    0.135949
    0.297949
    -0.31475
   -0.203056
   0.0913622
   -0.242697
  -0.0727899
  -0.0900132
    0.213643
   -0.214945
    0.138915
   -0.493077
  -0.0944455
   -0.437009
   0.0700559
  -0.0104031
   0.0171529
   0.0525031
    0.173309
   -0.498609
   -0.193509
   0.0696527
   -0.206899
   -0.182128
   -0.233051
  -0.0737562
   -0.198065
    0.148679
    0.237545
  -0.0364636
   -0.218925
  -0.0634259
    0.344843
  -0.0170967
    0.050772
   -0.179191
   0.0544796
    0.082085
    0.324959
 0.000814558
    -0.40284
   -0.200901
    0.342303
   -0.221719
    0.299457
    0.300316
   -0.192429
   -0.398376
    0.121627
    0.559453
     0.30449
    0.249182
   -0.382014
   -0.267262
   -0.275402
  -0.0771739
   0.0635039
   0.0765321
     0.34003
   0.0823921
    0.115169
   -0.135387
  -0.0491679
   -0.304423
   -0.306656
    0.235583
   0.0425937
   0.0926113
    0.102675
    0.574332
    0.204757
   -0.192949
    0.224983
 -0.00911252
    -0.40742
  -0.0554444
     0.67234
   -0.107824
     0.18375
 -0.00431508
    0.659179
    0.150175
   0.0584974
   -0.283304
   -0.203778
   -0.526657
   0.0198393
   -0.285411
    -0.15806
    0.301624
  -0.0410929
   0.0379185
   -0.348116
  -0.0108344
   0.0680778
   -0.248455
   -0.055962
    0.305746
   -0.248427
    0.487241
   0.0215054
    0.374488
   -0.330481
    0.304407
   -0.164464
    0.206053
    0.121297
   -0.333799
    0.344363
    -0.23296
    0.224586
   -0.421822
   -0.241542
    0.278924
    0.199454
   -0.453906
    0.478256
    0.339404
    0.190923
   0.0358908
  -0.0451352
    0.224514
   -0.528681
   0.0534774
     0.41956
   -0.190337
   -0.205114
    -0.19056
     -0.1466
  -0.0974316
    0.299438
  -0.0727008
    0.577789
    0.348057
   -0.265203
   -0.272883
   -0.424272
   -0.204931
    0.168788
   0.0910403
    0.697378
  0.00545443
    0.385358
    0.544575
   -0.252223
   -0.106962
    0.254699
     0.16447
   -0.221675
     0.22112
   -0.136989
   -0.047927
  -0.0244965
    0.017835
      0.1849
   -0.450464
   -0.498219
   -0.272974
    0.602585
    0.266518
  -0.0212102
    -0.27415
    0.599567
    0.311317
   -0.197244
   0.0803211
   -0.331017
   0.0266132
   -0.190766
   0.0997513
    0.366036
  -0.0318481
    0.186093
   -0.159225
  -0.0625543
   -0.144554
   -0.251241
   -0.130587
   -0.130652
    0.152975
   -0.383345
    0.121227
    0.316787
    0.168231
   -0.127743
   -0.346207
 -0.00279663
  -0.0377432
   -0.187462
  0.00799968
   -0.421843
   -0.179157
  -0.0645618
   -0.366285
    0.157954
  -0.0521526
    0.261909
  -0.0879837
    0.285271
  -0.0740216
    0.141193
   -0.314364
   -0.354877
    0.315192
    0.223784
    0.116627
   -0.313563
  -0.0659126
   -0.364022
  -0.0307798
   -0.176988
    -0.02917
    -0.16768
   -0.282649
   -0.106803
    0.366155
    0.277919
  -0.0194117
   -0.505462
   -0.783306
   -0.344661
  -0.0213543
    0.173357
    0.581573
    0.128983
    0.230112
    0.462605
  -0.0969843
    0.175882
    0.508709
    0.163931
   -0.154473
   0.0413954
   -0.105521
   0.0561348
   0.0619978
   -0.144704
   -0.652423
    0.358924
   0.0219971
   -0.539652
    -0.51856
    0.113162
  -0.0370787
   -0.155685
   -0.123205
   -0.293037
  -0.0977682
    0.283164
    0.121754
   0.0272904
  -0.0343166
   0.0792029
    -0.19889
  -0.0316596
   -0.204178
   0.0510237
   -0.375815
  -0.0889252
    0.109322
    0.118826
    0.160549
 -0.00543124
   -0.513367
   -0.133532
   0.0764929
     0.10746
   0.0568995
    0.064007
   -0.230945
  -0.0779428
    0.255605
   -0.322484
    -0.16254
   -0.434115
    -0.17741
   0.0241968
   -0.882769
   0.0940477
  -0.0293212
  -0.0359289
   -0.400259
   0.0691711
   -0.268952
   -0.313557
   -0.136903
   -0.200924
  -0.0371631
  -0.0883839
    0.531553
     0.39455
  -0.0631205
   -0.248214
   -0.214663
    0.167268
    0.175505
    0.579164
   -0.462106
  -0.0450046
    0.152941
    0.175154
    0.184421
    0.299229
    0.156117
   -0.277013
   -0.216073
    0.266441
 -0.00369017
   -0.533139
    0.168938
    0.192243
    0.167919
   -0.255895
     -0.3585
   -0.134351
   -0.190161
    0.071799
    0.152068
    0.115477
 3.62202e-05
    0.191559
    0.525223
    0.398733
    0.454691
    0.196101
  -0.0905183
   0.0530072
 -0.00271732
    0.192353
   -0.399526
    -0.40572