 -0.0139291
  -0.013933
 -0.0138389
 -0.0138457
 -0.0138441
 -0.0138848
 -0.0138121
 -0.0138802
 -0.0138277
  -0.883257
   0.503574
 -0.0138279
 -0.0138904
 -0.0138655
   -0.01384
 -0.0138498
 -0.0138567
 -0.0138581
 -0.0138405
 -0.0138846
 -0.0137923
 -0.0139153
 -0.0138768
 -0.0138991
 -0.0137895
 -0.0138342
 -0.0138118
   -0.01383
 -0.0137927
 -0.0137941
 -0.0137888
 -0.0139122
   0.929844
   -1.22853
  -0.153511
  -0.479763
  -0.884512
   -1.49666
  -0.111487
    1.34762
 -0.0947976
   0.315634
   0.680841
   -1.04205
   0.368105
    0.82235
  0.0913851
   0.564119
     0.6864
  0.0360628
 -0.0642877
  -0.807224
  -0.525537
  -0.979747
   0.229002
   -0.25701
   0.110749
  -0.231779
  -0.197015
  -0.699276
   0.586161
    0.31811
  -0.875654
 -0.0491019
  -0.244788
    1.29611
  -0.320729
  -0.358185
  0.0312272
   0.869681
   0.257166
  -0.577069
  -0.343995
   0.179386
   0.571914
  -0.541332
 0.00416264
   0.202839
    0.90612
   0.362501
   0.397305
  -0.944337
   0.128313
   0.986661
  -0.453442
  -0.879264
  -0.291434
   -1.41891
   0.408021
  -0.146443
  -0.224641
 -0.0313023
  -0.572175
  -0.279634
  -0.395589
  -0.843678
  -0.166302
  0.0596218
   0.464653
   0.356248
   0.344624
    0.15192
  -0.477823
   0.125791
  -0.188855
  -0.418243
 -0.0217934
  -0.444561
   0.226628
   0.206192
   0.363429
 -0.0456625
 -0.0715228
  -0.445725
  -0.638871
  -0.650158
 -0.0696697
  -0.328124
   -1.03148
  -0.680784
  -0.896365
  -0.865597
  -0.534557
    1.14586
  -0.483507
   -1.32577
  -0.385034
 -0.0139121
   0.453499
-0.00495101
   0.458578
  0.0508183
   0.303021
  0.0186614
   0.473945
   0.214213
   0.311464
  -0.310852
  -0.227893
   0.200539
 -0.0610947
   0.122559
  0.0301246
  -0.147571
    -0.1442
 -0.0216867
  -0.242379
  0.0699633
   0.219724
   0.361397
    0.12378
 -0.0916402
   0.203855
   0.156764
  -0.111949
   0.186584
   0.445267
  -0.247647
    0.27081
    0.19157
   0.434477
   0.607173
   0.113936
   0.171934
   0.299604
  -0.129684
  -0.128926
   0.435065
   0.329647
   0.132459
   0.186069
   0.191972
 -0.0619919
   0.272942
   0.605998
   0.296385
   0.135843
  0.0430952
   0.110995
  -0.541024
 -0.0511035
  0.0589907
   0.130357
  -0.311975
   0.214614
 -0.0104263
   0.535339
   0.101433
  0.0383426
  0.0812121
  -0.283516
   0.146012
 -0.0138865
 -0.0137927
   -0.68338
   -1.73914
  -0.789506
    -1.2111
  -0.116217
   -0.21487
 -0.0324962
  -0.501021
  -0.324256
  -0.444166
  -0.155762
 -0.0917749
  0.0646339
  -0.246646
    0.86497
   0.302358
 -0.0997345
  -0.125956
  0.0409641
 -0.0180665
 -0.0670736
  -0.481127
   0.324433
   0.269489
  -0.163909
   0.157241
-0.00524922
 -0.0138227
 0.00100148
 -0.0138466
   0.301785
   0.463556
   0.105962
  0.0246928
  0.0906216
   0.419749
   0.129289
 -0.0244552
   0.140906
  -0.143738
  -0.146871
 -0.0154622
  0.0442089
  -0.103564
 -0.0138607
0.000669473
 -0.0599209
 -0.0138369
  -0.013888
 -0.0138276
 -0.0138517
 -0.0139144
 -0.0139048
 -0.0138217
 -0.0138247
 -0.0138511
 -0.0138457
 -0.0138957
  -0.013812
 -0.0138055
 -0.0138699
 -0.0138677