  -0.0158065
    0.915038
    0.433464
  -0.0163773
   -0.125562
    0.410592
    0.314023
  -0.0901121
     1.24565
  -0.0919766
   0.0288925
   -0.235403
    0.250565
    0.411702
   0.0103184
  -0.0550993
   -0.279559
   0.0478598
      0.7226
   -0.226026
   -0.139087
    0.288156
    0.905697
  -0.0474663
    0.671623
   -0.346353
    0.413407
   -0.368873
     1.11888
   -0.729091
    0.704426
    0.497363
   -0.586282
     0.48131
    0.461543
      1.1156
    0.569309
    -0.15638
    0.438204
   -0.321042
    0.207307
    0.181819
   -0.315423
    -1.02072
   -0.106892
     1.42272
  -0.0431839
   -0.327316
    0.885849
     0.87146
    0.304158
    0.422306
    0.577246
    0.107529
    0.266624
   -0.196072
     0.16839
    0.112865
     1.14635
   -0.479585
   -0.180388
    0.443807
    0.691178
     1.46793
  -0.0700893
    0.743702
  -0.0501692
   -0.309191
   0.0393544
    -0.16404
   -0.322773
    0.483877
    0.432062
    0.210594
    0.615206
    0.742791
    -1.73879
   0.0121224
    0.383238
      1.0242
    -1.64195
   -0.713774
   -0.153828
    0.252739
     1.40452
   -0.478651
   -0.139451
  -0.0150211
    -0.51826
    0.937892
   -0.323607
   0.0845178
    0.538314
    0.110224
   -0.398321
   -0.409755
   -0.208203
    0.468509
    0.065423
    0.177702
   -0.574422
   -0.435942
   -0.297928
    0.451937
  -0.0812929
    0.944567
    0.479251
    0.463256
    0.082048
    0.474902
   0.0207887
  -0.0224062
   -0.139699
   -0.182177
  -0.0643869
     1.51428
   -0.319163
    0.189574
    0.277173
      0.8865
   -0.105038
    0.497796
  -0.0964649
    0.328524
     0.15835
    0.853179
   0.0126319
   -0.338712
   -0.377819
   -0.190717
   -0.526943
    0.360276
   -0.333145
  -0.0243966
     0.62377
    0.385956
    0.306629
     1.12704
    0.418346
   -0.817035
   -0.335142
   0.0293174
  -0.0213775
   -0.137953
     0.63959
    0.353819
    0.518342
    0.385139
   0.0309093
      1.0127
    0.152803
     0.81842
    0.290462
   -0.256136
 -0.00195057
    0.479942
   -0.281496
   -0.597923
    0.854688
   -0.259808
     0.83802
  -0.0653455
    0.976435
    0.166519
    0.470219
  -0.0855049
      1.2707
   -0.644228
    0.150275
     -1.1147
    0.283631
     0.26561
     1.13067
    0.378595
    0.286758
    0.177513
  -0.0954755
    0.474914
     1.35633
   0.0531552
  -0.0515605
      1.1681
  0.00497581
   -0.500973
  -0.0233119
    0.144047
    0.696869
   0.0841143
    0.836895
   -0.233991
     0.59379
   -0.998016
   -0.608366
   -0.105412
   -0.474936
   -0.516987
    0.457709
    0.106183
   -0.636384
    0.249545
  -0.0513738
     0.11854
    0.331169
   -0.471412
   -0.537053
    0.635172
   -0.441257
    -1.31475
    0.260018
   -0.500244
    0.227073
  -0.0347591
   -0.426934
    0.563495
   -0.655864
   -0.400745
   -0.416499
     1.24128
    0.163448
   -0.135546
   -0.153501
    0.173691
    0.764701
    0.276955
  -0.0572119
   -0.711462
     0.17208
   -0.100675
   -0.446009
    0.223638
     1.21818
   0.0126312
    0.492096
    0.441556
    0.614384
    0.603001
   0.0143357
    0.290509
   -0.658343
    0.209275
   0.0158472
    0.416613
    0.891097
    0.511631
   -0.531121
   -0.570313
   -0.221258
    0.605879
   -0.179665
    0.583582
     1.49845
   -0.519197
   -0.232258
     0.38719
    0.658808
   -0.185573
   -0.211897
    0.556999
   -0.143293
   -0.180523
    0.259995
    0.888281
    0.563602
    0.520753
    0.432004
    0.188185
   -0.488916
    0.286144
    0.458731
   -0.248144
   -0.168304
   -0.196201
    0.398977
     0.41413
   -0.430511
   -0.660213
    0.317803
    0.881498
   -0.201116
   -0.271485
    0.346888
   0.0787003
   0.0364716
    0.437279
    0.255023
   0.0523866
     1.77825
    0.312942
   -0.255154
    0.232813
    0.132164
   -0.335759
     1.12974
   0.0268302
  -0.0804918
   -0.242732
    0.365091
    0.406522
    0.474165
    0.377537
  -0.0338846
    0.502869
   0.0201662
    0.112203
    0.780934
     1.74237
   -0.477832
     0.68256
    0.491898
  -0.0215757
    0.685824
    0.625642
   -0.394393
     1.21829
   -0.108029
    0.161251
    0.490712
    0.592453
    0.725748
     1.85934
  -0.0652952
     0.04234
  -0.0010568
    0.936231
     1.17512
      0.7187
    0.182583
   -0.654758
  -0.0999371
    0.415722
    0.572205
    0.199412
    0.482357
    0.498231
    0.906552
    0.713141
   -0.364557
   -0.488142
   -0.160492
    0.443868
     1.05601
   -0.223654
   0.0108714
     0.52093
    0.419047
  -0.0363803
    0.359928
    0.283791
   0.0335487
    0.128973
    0.394494
    0.286104
    0.363883
     1.03732
  -0.0752117
    0.537575
    0.222123
  -0.0460207
   -0.408556
    0.361867
     0.19844
    0.955979
  -0.0792976
 0.000325562
    0.877865
    0.834614
    0.534924
    0.461472
    0.235865
    0.547275
    0.259171
    0.833204
    0.836654
   -0.100245
    0.621707
    0.420138
    0.142266
   -0.238619
    0.265801
    0.183124
    0.254229
     1.00455
     1.72653
   -0.391074
    0.300273
   0.0576445
    0.649125
    0.708814
    0.246389
    0.537106
    0.702282
   0.0498644
 -0.00482977
     1.65227
  -0.0818708
   -0.542327
    0.884517
    0.262298
    0.606901
    0.132129
    0.631037
    0.896745
    0.266042
    0.722055
    0.684922
     1.01944
   -0.108761
    0.741356
    0.625567
    0.929877
    -1.04527
   -0.274655
   -0.394811
    0.724187
    0.774959
    0.115702
   -0.651687
   -0.578701
    0.182244
    0.207709
  -0.0603383
    0.340459
  -0.0888125
   -0.562302
     1.52946
   0.0501547
   -0.155706
   0.0312472
     1.30664
   -0.150222
     0.93696
    0.810196
    0.434717
   -0.924927
     1.33487
    0.856534
     1.45409
    0.639895
    0.545992
   -0.343149
  -0.0709036
    0.390681
    0.159688
   0.0114364
    0.225956
   -0.126649
    0.596124
    0.240565
   -0.837903
    -0.12886
   -0.534657
   -0.674416
   -0.409772
    0.328206
   -0.179948
    0.209248
    0.717137
   0.0111414
   -0.336763
    0.242203
   0.0814739
    0.692698
   -0.184666
  0.00238217
   -0.417111
   -0.184036
    0.590738
    0.504997
    -0.29839
    0.238628
   -0.153936
    0.256618
   -0.359058
    0.153074
   0.0890567
   -0.157797
    0.443496
    0.426503
      1.0722
   -0.202314
   0.0261079
   -0.135253
    0.460707
   -0.792816
    0.736773
    0.329122
     1.24141
    0.128047
    0.726289
      0.5446
    0.365887
   -0.130347
    0.140325
    0.465408
     0.12521
    0.850171
   -0.249668
    0.479879
   0.0829884
    0.470871
     0.19786
    0.349799
   -0.304759
    0.476936
     1.08566
    0.516056
     1.65046
   0.0238705
   -0.317923
     1.45533
     1.48078
    0.242396
    0.903978
     1.13428
    0.589345
    0.332014
    0.461961
    0.281595
    0.666867
    0.126459
    0.924786
    0.145707
   -0.025156
    0.836117
    0.291716
    0.482702
    0.718503
    0.930395
    0.130656
    0.487203
    0.392093
   -0.806155
    0.332039
     1.86041
     1.12296
    0.586288
    0.743143
    0.916896
    0.439791
    0.476895
     1.16072
    0.376545
    0.557439
     1.11294
   -0.480004
    0.403036
    0.892637
    0.731555
     1.58487
    0.661692
    0.285609
      0.2035
     1.11979
    0.566813
    0.824128
    0.434354
    0.119847
    0.639166
    0.143697
    0.555202
    0.971263
     0.32734
    0.913454
     1.41556
    0.148094
    0.253712
    0.828365
    0.252603
    0.502931
    0.311249
     0.73924
    0.426856
     1.39564
     1.04584
     1.48359
     2.43143
    0.812163
    0.738596
    0.545379
   -0.574472
    0.672068
 0.000812124
    0.259397
     0.85038
   -0.133366
     1.19811
    0.721599
    0.791787
   -0.155182
    0.494795
    0.941927
     1.69245
     1.53015
    0.541954
  0.00436158
   -0.532831
     1.21388
    0.825505
    0.278481
    0.582322
   -0.708547
      1.1203
     1.44949
    0.181573
    0.892582
     1.12198
    0.275272
    0.600955
   -0.403925
    0.136547
    0.412186
    0.609161
    0.854905
   0.0595139
    0.552581
    0.746571
    0.303533
     1.37938
  -0.0835547
    0.513876
    -0.11376
     1.74678
     1.59596
    0.658394
    0.556538
   -0.212447
      0.8621
     1.12708
    0.977695
    0.261534
    0.649175
    0.545028
    0.750627
    0.280684
   0.0760852
     1.13324
    0.814678
     1.67597
    0.258479
   -0.304912
    0.156932
   -0.154038
     1.40262
     1.00403
    0.552577
    0.315417
    0.737725
   -0.125547
      1.1585
     1.78882
   0.0882227
    0.493125
  -0.0590649
    0.856568
    0.583336
     0.18373
     1.27809
    0.365027
     1.18607
     1.50142
     1.15165
     2.00543
    0.511905
    0.204165
    0.739853
    0.955502
    0.240757
     1.33252
    0.388585
      0.4476
    0.762897
    0.739877
   -0.293899
    0.229956
    0.415607
   -0.520876
    0.711714
     0.36625
    0.858109
   -0.287763
    0.993587
    0.260919
    0.327045
    0.137102
     1.97267
      1.2613
    0.399954
     1.08775
    0.292276
    0.643198
     1.46408
    0.424934
    0.837341
      1.6328
    0.167811
  -0.0701865
    0.583489
    0.862203
    0.829522
    0.213515
    0.829917
    0.864356
      1.9501
    0.608708
    0.519672
    0.362121
    0.366501
   0.0722576
    0.420481
    0.696545
     1.02386
  -0.0626256
   0.0690199
    0.013488
    0.389337
    0.997045
    0.868244
     1.16636
    0.184061
   -0.162901
    0.618379
    0.926528
     1.37296
     1.09443
    0.346109
     1.00334
   -0.255367
     1.60668
    0.102181
    0.680927
    0.622567
    0.757032
    0.241617
    0.668957
    0.321553
    0.314188
   0.0515906
    0.297526
     1.08254
    0.967946
    0.736099
    0.526157
      3.3917
     1.07824
    0.666416
    0.313908
     1.02605
    0.340111
    0.624339
     1.16904
    0.543071
     1.04209
     0.95641
    0.906776
    0.679433
      0.5945
    0.905736
    0.556209
    0.478237
     1.52503
   0.0940941
     1.39985
      1.4411
    0.367697
   -0.176041
    0.826624
     1.05372
    0.527285
    0.684766
    0.314519
    0.564433
   -0.485184
    -0.46152
      0.1124
    0.472499
   -0.135627
    0.764476
    -1.05656
   0.0455168
    0.302935
   -0.174902
    0.479119
   -0.436367
   0.0864863
   -0.331443
   -0.171111
    0.446242
   -0.586784
    0.632231
   0.0458158
    0.753495
    0.262308
    0.472898
   -0.103275
   0.0654517
    0.157629
   -0.787939
   -0.291189
    -1.26498
    0.349918
   -0.532037
     0.45269
    0.739981
   -0.193857
     0.72866
    0.592573
    0.645859
    0.313342
  -0.0662587
   -0.361455
     0.18859
    0.954461
   -0.645862
   -0.266149
   -0.332276
    0.131137
    0.747811
   -0.208873
   0.0732927
   -0.307442
   -0.516043
   0.0458744
  -0.0393823
    0.362801
   -0.517502
   -0.645264
   -0.318481
   -0.239306
   -0.448519
    0.626095
    -0.65932
   -0.773389
   0.0573986
   -0.226633
  -0.0725741
   -0.699047
     1.05501
   -0.220882
    0.157134
    0.212053
   -0.172607
   -0.422368
      0.8205
   -0.450352
     0.12392
    0.609066
    0.219912
   -0.369374
    -0.21121
    0.244862
   -0.347258
   -0.113127
   -0.244144
   -0.143058
   -0.364141
   -0.402293
   -0.249068
    0.722006
   -0.721468
    -0.20198
    0.628213
    0.628128
   0.0377559
   -0.324878
   -0.946542
    -0.95408
    0.153086
   -0.169126
    0.250666
    0.268811
  -0.0863277
    0.324816
  -0.0845671
    0.466689
    -0.38181
   0.0523318
     0.33764
    0.821643
    0.765348
    0.854923
    0.472287
    0.202737
   -0.126605
    0.509207
    0.409656
    0.182979
    0.319005
    0.370523
  0.00775347
    0.247408
   -0.402889
    0.426271
   -0.562569
    0.581216
  -0.0445743
   -0.299148
   -0.659636
  -0.0157912
    0.587007
    -0.71144
    0.563208
    0.876005
   -0.506777
    0.307894
   -0.720368
     1.06172
      0.3725
   -0.143226
   0.0854601
    0.600846
   -0.654409
    0.245194
   -0.713438
    0.125824
   -0.485642
    0.217937
    0.363277
   -0.323595
   -0.600283
     0.11694
    0.615289
   -0.437704
   -0.178704
    0.228671
   -0.181252
  -0.0518799
   -0.292872
   0.0101897
    0.429265
     0.14932
   -0.607781
    0.305065
   -0.228089
   -0.219903
    0.168134
    0.272859
    0.962167
   -0.849271
   -0.912567
     0.34462
   -0.778929
    0.579535
    -0.69636
   -0.777089
   -0.573988
    -0.43754
   -0.392713
   0.0635516
    0.352693
   -0.336574
    0.651815
  0.00853679
    0.108647
    -0.77551
   -0.381104
   0.0793811
    0.634479
-0.000665206
     0.89095
   -0.175964
   -0.147528
  -0.0645203
   -0.254295
  0.00702544
   -0.332194
   -0.266998
    0.206148
   -0.152837
  -0.0229301
    0.584885
    0.227841
   -0.662223
    0.222857
    -0.39722
   -0.464455
    0.149832
   -0.902275
   0.0898066
    -0.90916
   -0.210641
   0.0348237
    -0.69859
   -0.461759
   -0.699957
    0.176682
    0.228571
    0.909301
    -0.41314
   -0.100665
   0.0455978
   -0.813976
   -0.533865
   0.0795505
    0.387836
  -0.0418485
   -0.439098
    0.335378
   -0.523864
   -0.416395
    0.218066
   0.0313071
   -0.911667
     1.11593
   -0.593784
    0.100276
   0.0645808
    0.070576
     1.39157
    0.734725
    0.148604
   -0.634775
   -0.758419
    -0.10305
   -0.382227
    0.600224
   -0.836113
   -0.205082
    -0.40313
     0.86835
    0.144913
    0.514178
    0.746047
    0.553093
   -0.141501