    -1.05449
    0.264065
    0.276151
   -0.461308
    0.535186
    0.126632
   -0.195462
   -0.598466
    -0.42385
    0.133315
    0.170644
    0.428748
    0.471942
    0.150089
  -0.0917835
  -0.0514036
   -0.210366
    0.733576
    0.463085
   -0.772188
    0.392081
   0.0311241
   -0.546738
   -0.668324
 -0.00589313
   -0.396407
    0.201997
    0.425992
    -0.19549
   -0.167395
    0.184019
   0.0951721
   -0.528673
    0.785811
   0.0246608
   -0.134976
   -0.160651
    0.276887
    -0.54893
   -0.503775
    0.219259
   -0.600536
  -0.0601455
  0.00780253
   -0.386016
    0.030379
   -0.406218
    -0.30769
    -1.18353
    0.379115
  -0.0292588
    0.195653
    0.174904
    0.142572
    -0.31503
    0.276438
    0.433748
   0.0501234
   0.0284316
   -0.468223
    0.202502
    0.238866
    0.687251
    0.612015
  -0.0417353
   -0.493211
     0.28829
    -0.49016
    0.171356
      0.1854
     0.10528
    0.169215
    0.133073
  -0.0885657
    0.480853
   -0.287237
   -0.131668
    0.603123
    0.174338
   -0.269321
   -0.397825
   -0.675767
   0.0616663
    0.300811
   -0.696858
    0.515931
   -0.449005
    0.166806
   0.0392371
   0.0246061
   -0.288348
    -1.17117
    0.124984
    0.101779
    0.213205
    0.259466
     0.29806
   -0.535836
   -0.322847
   -0.245867
    0.179412
   0.0935915
   -0.485311
   -0.231611
    0.107999
   -0.344188
   -0.126556
  0.00814699
   -0.161517
   -0.300545
   0.0362074
  -0.0820608
   -0.921237
 0.000355072
    0.389813
   -0.174481
    0.225063
   0.0929324
     -0.1884
    0.118268
    0.634612
    0.337853
   -0.400119
   0.0981909
    0.389624
    0.360112
    0.365594
  -0.0847835
   -0.332438
  -0.0911897
     0.10089
   -0.903069
   -0.128565
    0.462752
   -0.385378
    0.440151
   -0.193571
    0.429218
    0.227148
    0.380487
    0.488861
   0.0929683
    0.322861
    0.239692
    0.166292
    0.160158
  -0.0357954
   0.0450636
   -0.741072
   -0.221744
    0.613683
    0.465704
    -0.11376
   -0.453181
   0.0496185
    0.391453
   -0.493428
    0.334274
   -0.395609
    0.632739
    0.613549
     0.42244
    0.248065
    0.407134
   -0.134865
   -0.170893
   -0.351966
   -0.928782
    0.652111
    0.190181
    0.558689
   0.0613374
   -0.558835
   -0.470241
   -0.010113
    0.221824
    0.103303
   0.0290857
    0.290422
   -0.139898
    0.415313
  -0.0334732
    0.203366
   0.0546979
    0.990238
    0.595995
    0.158776
    0.350092
   -0.285129
    0.127669
   -0.331189
    0.402555
    0.215373
  -0.0879337
    0.828328
  -0.0236999
    0.457269
    0.248422
    0.128531
    0.555676
   -0.176453
   0.0379687
    0.476429
     0.38962
   -0.558967
   -0.104091
    0.738683
   -0.565044
   0.0278023
    0.551948
   -0.457832
   -0.250229
   0.0502587
   -0.163943
   -0.272057
   0.0346526
   -0.213213
     0.42455
   -0.244418
    -0.23299
   -0.248406
    -0.38719
   0.0984689
    0.221945
    0.362543
    0.324039
   -0.504328
  -0.0423192
    0.199397
   -0.183335
    -1.21679
    0.114889
   -0.419674
   0.0287843
    0.109288
     0.17561
    0.116175
    0.250126
     0.56415
   -0.308921
  -0.0236663
   -0.120633
   0.0298044
    0.375723
    0.297868
   -0.426321
    0.766796
   -0.482399
    0.191656
  -0.0783183
   -0.246354
    0.259719
    0.398192
    0.232039
    0.144526
  -0.0501339
  -0.0978973
    0.573937
    -0.01697
   -0.399111
    0.237639
   0.0736715
    -0.32145
     0.31502
   -0.241193
    0.525679
   -0.109919
   0.0358371
    0.179267
   -0.223987
    0.398267
    0.271733
   -0.160584
    0.656779
    0.450123
    -0.69257
    0.378611
   -0.149273
    -0.52266
 -0.00549116
    0.104472
   -0.207174
    0.118396
   0.0529643
   -0.019058
     0.03211
     0.51463
     1.18082
   -0.248486
     1.03921
   -0.269471
   0.0957865
   -0.186586
     0.34633
    0.151597
   0.0153603
    0.627277
  -0.0223337
   0.0145414
  -0.0617847
     0.32125
   -0.460257
   -0.505082
   0.0707493
    0.265321
    0.355823
      0.6483
    0.122598
   0.0611696
   0.0576399
   0.0179619
  -0.0175633
   0.0587672
   -0.105747
    0.580225
    -0.21776
   -0.171128
   -0.110416
  -0.0593716
    0.527869
   -0.193936
    0.309323
    0.137662
   -0.244022
   -0.039668
   -0.189404
   -0.144925
    0.297419
    0.803073
   -0.147093
    0.175319
    -0.24738
   -0.314221
    0.259584
    0.394809
    0.469901
   0.0914405
    0.151952
   -0.195817
   -0.233946
   0.0509297
    0.357147
    0.282645
    0.309655
   0.0994064
  0.00520138
    0.182168
   -0.302354
   -0.558387
   -0.657266
   0.0341227
     1.07523
   0.0409051
   -0.592781
    0.446214
   0.0483589
     0.35307
    -0.40177
   -0.283536
   0.0651555
   -0.498543
    0.546837
    0.404347
   0.0964115
    0.370216
    0.119997
  -0.0593104
  -0.0521529
   -0.427338
    0.203541
     0.41562
   0.0122116
    0.307641
    0.574141
   -0.234063
    0.227567
    0.383168
   0.0369402
   -0.274448
   -0.215406
    0.769216
     1.13184
    0.898409
   -0.292588
   -0.579115
    -0.01579
    0.565418
   -0.686977
  -0.0947433
    0.959161
   -0.320625
    0.243646
    0.260946
  -0.0700775
   0.0330095
    0.254197
    0.218098
   -0.348714
   0.0413494
   0.0985426
 -0.00172311
    0.466515
    -0.20732
   -0.274111
   -0.357598
   -0.166973
   0.0456045
   -0.299856
   0.0739058
   -0.155315
   -0.361902
    0.174772
   0.0413092
    0.712787
    -0.24818
    0.637535
    0.263482
    0.446839
    0.334202
     0.12286
    0.472828
    0.458834
   -0.164541
    -0.25342
    0.815433
   -0.182022
    0.229644
    0.233673
   -0.398005
   -0.175657
   -0.222306
    0.139483
    0.462871
    0.163932
    0.319552
   -0.824097
   0.0663911
  -0.0861183
   0.0570831
    0.191215
    0.531993
     1.05215
    0.100126
    0.695958
    0.491262
   -0.366781
   -0.958449
   -0.119566
   0.0543351
    0.233895
    0.443407
    0.197624
    0.352635
  -0.0802788
    0.152264
    0.384441
   -0.141749
  -0.0233187
     0.48975
    0.689309
   -0.110731
    0.412058
    0.208623
   -0.607883
     0.56865
    0.555496
   -0.340076
    0.092772
   0.0348428
    0.445292
   -0.381461
   -0.108558
  -0.0428856
    0.480711
   0.0600304
   0.0495233
   -0.085068
   -0.150175
   0.0323057
    0.090302
    0.496135
    0.460504
   -0.448242
  -0.0364287
    0.160452
    0.578499
    0.470724
   -0.102946
  -0.0196754
    0.029066
   -0.110781
    0.283112
    0.635181
  -0.0652092
   -0.135441
  -0.0618123
    -0.39215
   -0.124677
   0.0925774
    0.199928
   0.0592173
 -0.00641302
    0.616189
     0.24567
    0.419795
    0.226488
   0.0268164
    0.339449
    0.105001
    0.118827
  -0.0400983
    0.439988
   0.0441294
    0.801724
    0.410773
    0.645338
      1.3749
      1.0652
    0.429076
    0.601433
    0.429741
    0.739308
    0.239969
    0.997368
    0.490335
    0.863882
    0.267619
    0.792841
    0.459079
     1.35261
    0.706861
     0.47754
    0.481692
    0.610703
    0.660639
     1.07251
     1.01743
    0.956008
    0.783024
    0.373637
    0.599049
    0.347374
     1.00973
    0.710605
    0.336442
      2.0273
    0.642057
    0.484047
    0.693085
     1.13402
    0.312129
    0.845798
    0.628911
    0.361807
    0.914363
    0.729879
     1.15986
    0.975119
    0.264199
     1.03413
  -0.0408222
    0.835024
    0.763167
    0.949936
    0.239988
    0.624611
    0.134848
    0.279105
    0.889237
    0.585059
    0.752984
    0.983926
     0.28695
    0.836775
     1.23568
     1.36041
    0.936967
    0.715717
    0.958855
    0.297787
    0.771792
    0.535967
    0.781308
    0.178017
     1.19085
    0.889524
     1.00582
     0.77118
    0.573479
     1.03563
    0.343411
    0.904895
    0.932497
    0.281077
    0.272757
     0.68777
    0.332425
    0.374636
    0.974804
      1.0209
    0.614455
     1.08964
    0.753047
    0.623106
     1.21593
    0.944205
    0.527999
     0.59105
    0.619812
    0.129339
    0.307085
    0.652464
    0.274758
    0.519974
    0.776297
    0.526541
    0.386369
     1.03169
    0.611641
   0.0368499
    0.626802
    0.738104
    0.305351
    0.832282
    0.108764
    0.260206
     1.06269
    0.480272
    0.586225
    0.958165
    0.232065
    0.689639
     1.55837
     1.11002
    0.201983
   -0.126782
    0.450552
    0.998146
     1.16045
    0.809606
    0.585075
     0.53857
    0.334611
    0.496586
    0.540644
    0.888917
    0.346854
    0.140777
     0.61625
    0.650643
    0.717258
     1.13235
    0.986536
    0.176741
    0.165904
    0.584147
    0.481175
     1.10938
    0.476307
    0.684445
    0.584557
    0.728023
    0.947812
    0.668409
    0.548512
    0.576922
    0.473545
    0.784524
    0.379648
    0.428991
    0.209995
     1.35569
     1.18958
    0.813069
    0.605406
    0.808442
    0.995955
    0.875637
    0.484059
     1.11303
     1.32401
     0.38445
    0.847893
    0.834875
    0.566644
   0.0472086
    0.988255
    0.782692
    0.591899
    0.773482
    0.484796
    0.522859
     0.93293
     0.58448
    0.927991
     0.68698
     1.68351
    0.981941
    0.797513
     1.58884
    0.746925
    0.533152
    0.475838
     1.23907
    0.453052
    0.647612
     1.64654
   -0.182004
    0.634172
  -0.0600058
    0.908171
    0.352114
    0.435966
    0.778755
     1.24477
     1.21155
   0.0723484
     1.05291
     1.02622
  -0.0899998
    0.326488
    0.911639
    0.420964
   0.0959652
    0.275732
    0.629095
    0.122688
    0.431125
    0.678244
     1.65204
    0.309786
    0.207249
    0.833228
    0.739897
    0.252791
    0.792752
     1.00782
     1.16929
    0.310998
    0.532803
    0.581112
    0.533758
    0.938395
     0.91358
    0.543033
    0.867976
    0.864347
  -0.0284165
     1.12218
    0.832587
     1.09247
    0.712902
   -0.251429
    0.493064
    0.918112
     1.07288
    0.685088
      0.3448
    0.792557
    0.326241
    0.502886
    0.577498
    0.557239
    0.335787
    0.910151
    0.913128
     0.44208
    0.405967
    0.210013
    0.585322
    0.217224
   -0.239943
   -0.689635
   -0.800963
    0.528138
   -0.663404
   -0.135653
    0.163917
      0.2197
   -0.321126
  -0.0838787
   -0.375053
   -0.213341
    -1.13191
   0.0487261
   -0.921473
   -0.485256
   0.0577063
    0.781242
    0.389521
-0.000863459
   0.0169134
    0.176871
   -0.516114
   -0.255716
    0.316701
   -0.045995
    -0.15807
    0.697593
   -0.996384
  -0.0972326
    0.866025
   0.0721542
   -0.832274
   -0.390948
   -0.498255
    0.370961
  -0.0514343
    0.208294
   -0.229361
   -0.595351
    0.512213
   -0.730728
   -0.591532
   -0.259253
   -0.066488
    0.194894
    0.573424
   -0.217504
     -0.6963
   -0.234156
    0.849448
   -0.382525
    0.188689
   -0.868272
    0.123656
    0.651414
    0.567928
   -0.404894
    0.335765
    0.955954
    0.151965
   -0.481313
   -0.350124
    0.566041
   0.0180688
  -0.0609352
   -0.613635
   0.0472183
      0.1448
  -0.0790349
   -0.739358
   0.0310691
  -0.0468048
    0.239204
   0.0981964
    0.821936
   -0.970251
  -0.0850445
    0.167561
   -0.126628
    0.333797
   -0.535881
   -0.446859
    -0.63958
    0.351271
    0.690504
   0.0388416
   0.0509889
   -0.324734
    0.661603
  -0.0390757
   -0.823544
    0.147046
    0.135718
  -0.0418144
   -0.531516
   -0.114401
   -0.638024
     0.22126
     0.75441
  0.00600293
   0.0607235
  0.00673564
    -0.65759
   -0.169257
   -0.397891
   -0.353304
   -0.143386
   -0.397351
   -0.102514
   -0.191066
    0.456085
    0.385712
   -0.255154
   -0.260665
   -0.385697
     0.51275
   -0.955305
    0.687893
  0.00643446
  -0.0816646
     0.01098
     0.24218
    0.533416
   -0.498715
   0.0986643
   -0.125774
   0.0232483
  -0.0228614
   -0.538161
    -0.90462
   -0.284198
    0.377191
    0.434411
    -0.59449
   -0.863308
    0.184268
   -0.738241
    0.166163
  -0.0991502
    0.362402
    0.386712
  -0.0397843
  -0.0219088
    0.665838
   -0.273848
    0.283441
    0.421074
   -0.306913
   -0.296338
  -0.0898281
   -0.213333
   -0.869829
   -0.188546
    -0.24533
  -0.0587575
   -0.673132
   -0.870094
   -0.560995
  -0.0607967
     0.89726
     0.38007
   0.0455288
   0.0598136
    0.187123
    0.718814
   0.0739593
    0.312763
    0.116222
    0.163171
   0.0492879
    0.374365
  -0.0351461
  -0.0745638
   -0.606021
   -0.255459
   0.0931672
   -0.485159
    0.509823
    0.429388
   -0.290904
    -1.47585
   -0.621909
    0.162778
   -0.293606
   0.0621037
    -0.53521
    0.453816
   -0.537267
    0.669284
   -0.180433
     1.07457
    0.182013
    0.269274
   0.0953633
    0.514794
  -0.0808348
   -0.284643
    0.274344
    0.778906
    0.666392
   0.0742307
    0.281626
    0.895948
    0.250565
    0.428323
    0.458599
  0.00731305
    0.482629
    0.193545
    0.035925
   -0.150651
   -0.180207
  -0.0728217
     0.20962
  -0.0967074
    0.313167
    0.144079
    0.489147
   0.0306548
  -0.0595907
    0.743654
    -0.48932
   -0.165991
   -0.230571
     0.12619
   -0.615264
   -0.152955
    0.553233
   -0.336657
   -0.203316
    0.118057
   -0.304588
   -0.719679
    -0.67925
   -0.471665
   -0.550552
   -0.448049
   -0.252551
   0.0983805
    0.244238
    0.536142
    0.540395
    0.564156
   0.0316944
   -0.208936
    0.566478
    0.191884
   -0.340101
    0.673155
   -0.542001
    0.415936
   -0.294323