      0 1800.06 3.75159  2.1676  544.36
      1 1800.07 2.92234 2.05919 544.451
      2 1800.02 2.62021 2.01697 543.472
      3 1800.06  2.4611  1.9957 545.523
      4 1800.01 2.36321 1.98193  543.64
      5 1800.04 2.29664 1.97832 533.614
      6 1800.06 2.24772 1.97086 545.264
      7    1800 2.20984 1.96356 543.743
      8 1800.03 2.17997 1.96001 544.718
      9 1800.04 2.15565 1.95396 545.069
     10 1800.01 2.13543 1.94949 545.041
     11 1800.03 2.11822 1.94805  544.51
     12 1800.02 2.10313 1.94391 469.637
     13 1800.07 2.09033 1.94198 551.415
     14 1800.02 2.07876 1.93958 546.771
     15 1800.01 2.06851 1.93715 549.951
     16 1800.01  2.0595 1.93748 463.598
     17    1800 2.05144 1.93484 544.799
     18 1800.07 2.04398  1.9351 545.326
     19 1800.09 2.03736 1.93057 540.579
     20 1800.06 2.03134 1.93104 544.408
     21 1800.02 2.02585 1.92982 545.022
     22 1800.02  2.0209 1.92554  550.95
     23 1800.01 2.01626 1.92384 543.739
     24 1800.08 2.01162 1.92639 543.548
     25 1800.06 2.00733 1.92147 551.431
     26 1800.03 2.00341 1.92334 547.176
     27 1800.01 1.99962 1.92076 553.574
     28 1800.08 1.99617 1.91941 545.394
     29 1800.07 1.99287 1.91791  543.74
     30 1800.01 1.98986 1.91743 541.676
     31 1800.03 1.98696  1.9159 539.628
     32  1800.1 1.98419 1.91383 541.072
     33 1800.01  1.9815 1.91209 542.545
     34 1800.03 1.97896 1.91474 525.872
     35 1800.07 1.97681 1.91077 516.482
     36 1800.08 1.97465 1.91199 495.678
     37 1800.08 1.97253 1.91145  516.54
     38 1800.03 1.97057 1.90836 511.883
     39 1800.03 1.96864 1.91102 519.602
     40 1800.02 1.96688 1.91094 531.131
     41 1800.02 1.96503 1.90757 513.951
     42 1800.01  1.9632 1.90977 522.703
     43 1800.09 1.96156 1.90785 516.297
     44 1800.07 1.95994 1.90496 521.994
     45 1800.04 1.95834 1.90564 518.803
     46 1800.08 1.95681 1.90809 520.115
     47 1800.02 1.95533 1.90592 521.775
     48 1800.03 1.95397 1.90414 517.304
     49 1800.05 1.95273 1.90436 522.882
     50    1800 1.95145 1.90471 516.649
     51 1800.02 1.95023 1.90353 521.609
     52 1800.02 1.94906 1.90448 519.639
     53 1800.06 1.94787 1.90621 493.718
     54 1800.02 1.94675 1.90477 516.485
     55 1800.06 1.94562 1.90263 522.467
     56 1800.08 1.94448 1.90307 522.015
     57 1800.09  1.9434 1.90198 523.498
     58 1800.06  1.9424 1.90298 520.064
     59 1800.03 1.94131 1.90182 515.871
     60 1800.08 1.94024 1.90143 519.763
     61 1800.01 1.93918 1.90238 517.814
     62 1800.07 1.93798 1.90213 526.338
     63 1800.07 1.93691 1.90172 528.619
     64 1800.06 1.93584 1.90062 518.602
     65 1800.08 1.93475 1.89979 516.889
     66 1800.08 1.93374 1.89926 517.291
     67 1800.06 1.93253 1.90023 517.367
     68 1800.06 1.93147 1.89911 519.382
     69 1800.02  1.9305 1.89893 515.986
     70 1800.07  1.9293 1.89859 524.574
     71 1800.07 1.92818 1.90021 516.136
     72 1800.05 1.92708 1.89815 520.226
     73 1800.06 1.92609 1.89985 501.603
     74 1800.03 1.92512 1.89872 517.998
     75 1800.08 1.92426 1.90059 529.317
     76 1800.02 1.92331  1.8981 522.278
     77 1800.06 1.92222 1.89639  513.25
     78 1800.09 1.92118 1.90087 521.124
     79 1800.07 1.92041 1.89746 520.282
     80 1800.09 1.91953  1.8982 512.158
     81 1800.02 1.91861 1.89796 517.899
     82 1800.01 1.91774 1.89591 527.671
     83 1800.03 1.91658 1.89831 516.375
     84 1800.04 1.91571 1.89756 519.908
     85 1800.07 1.91459 1.89696 517.818
     86 1800.01 1.91381 1.89679 509.821
     87 1800.02 1.91299 1.89542 520.782
     88 1800.02 1.91227 1.89669 519.367
     89 1800.03  1.9112  1.8941 514.879
     90 1800.01 1.91043 1.89695 517.163
     91 1800.04 1.90954 1.89706 520.801
     92 1800.09 1.90892  1.8951 492.212
     93 1800.06 1.90826 1.89428 519.531
     94 1800.02 1.90762 1.89375 529.313
     95 1800.05 1.90684 1.89455 515.092
     96 1800.03  1.9061 1.89469  514.33
     97 1800.02 1.90533 1.89375 515.938
     98 1800.04 1.90429 1.89355 516.051
     99 1800.04 1.90312 1.89414 519.166
    100    1800 1.90211 1.89384  526.81
    101 1800.06 1.90114 1.89278 515.084
    102 1800.07 1.89997 1.89304 519.876
    103 1800.07 1.89872 1.89508 514.608
    104 1800.02 1.89739 1.89323 503.506
    105    1800 1.89619 1.89476 521.369
    106 1800.08 1.89482 1.89578 521.879
    107 1800.06 1.89277 1.89369   500.6
    108 1800.06  1.8914 1.89366 523.387
    109 1800.03 1.88945 1.89202 517.119
    110 1800.09 1.88764 1.89313 518.949
    111 1800.05 1.88521 1.89409 518.579
    112 1800.09 1.88286 1.89355 516.937
    113 1800.04 1.88128 1.89247 516.445
    114 1800.04 1.87957 1.89247 516.168
    115 1800.07 1.87785 1.89146 523.167
    116 1800.01 1.87608 1.89088  523.31
    117 1800.03 1.87518  1.8913 518.071
    118 1800.08 1.87424 1.89179 519.219
    119 1800.07 1.87356 1.89248  515.43
    120 1800.03 1.87275 1.89215 524.288
    121 1800.02 1.87156 1.89179 516.045
    122 1800.09 1.87047 1.89256 516.493
    123 1800.02 1.86957 1.89033 529.795
    124 1800.05 1.86839 1.89049 522.416
    125 1800.04 1.86708 1.89086 516.819
    126 1800.06 1.86545 1.88975 515.928
    127 1800.05 1.86302 1.88963 500.685
    128 1800.08 1.86127 1.88834 514.764
    129 1800.03 1.85871   1.888 529.283
    130 1800.03 1.85699 1.88809 494.804
    131 1800.06 1.85546 1.88877 515.012
    132 1800.03 1.85336 1.88972 521.773
    133 1800.04 1.85051 1.89012 513.642
    134 1800.04 1.84816 1.88974 504.889
    135 1800.07 1.84608 1.89011 518.381
    136 1800.07 1.84366  1.8912 516.315
    137 1800.03 1.84082 1.89089  515.08
    138 1800.03 1.83807 1.88847  516.37
    139 1800.03 1.83562   1.889 525.561
    140 1800.04 1.83214 1.89029  528.13
    141 1800.04 1.82776 1.88813 524.092
    142 1800.05  1.8236 1.88864 527.529
    143 1800.07 1.81967 1.88708 517.988
    144 1800.01 1.81577 1.88763 521.722
    145 1800.08 1.81228 1.88961 516.435
    146 1800.02 1.81033 1.88669  516.24
    147 1800.04 1.80817 1.88708  523.81
    148 1800.05 1.80494 1.88655 522.842
    149 1800.05 1.80149 1.88767  527.74
    150 1800.06 1.79765 1.88739 522.443
    151 1800.08 1.79366 1.88773 531.331
    152 1800.04 1.78961 1.88741 542.021
    153 1800.09 1.78474 1.88844 523.793
    154 1800.04 1.77959 1.88825 508.416
    155 1800.03 1.77475 1.88795 523.629
    156 1800.09 1.76958 1.88631 525.864
    157 1800.08 1.76466 1.88778 529.392
    158 1800.03 1.75963  1.8878 529.562
    159 1800.03 1.75455 1.88872 522.515
    160 1800.06 1.74904 1.88728 518.057
    161 1800.04 1.74321  1.8869  527.36
    162 1800.02 1.73803  1.8886 533.998
    163 1800.07 1.73327 1.88841 539.207
    164 1800.04 1.72835 1.88699 539.238
    165 1800.08 1.72364 1.88658 524.795
    166 1800.08 1.71895 1.88522 525.964
    167 1800.03 1.71465 1.88745 528.206
    168    1800 1.71021 1.88746 525.191
    169 1800.04 1.70578 1.88792 534.348
    170 1800.06 1.70141 1.88664 533.449
    171 1800.07 1.69707 1.88615 524.376
    172 1800.04 1.69221 1.88642 525.402
    173 1800.04  1.6874 1.88537 525.067
    174 1800.07 1.68246 1.88699  531.61
    175 1800.04 1.67723  1.8835 533.532
    176 1800.09 1.67217 1.88361 529.583
    177 1800.06 1.66785  1.8857 526.441
    178 1800.01 1.66376 1.88566  519.17
    179 1800.09 1.65956 1.88499 523.661
    180 1800.03 1.65659 1.88427  524.01
    181 1800.01 1.65355 1.88469 530.746
    182 1800.06 1.64988 1.88593 537.774
    183 1800.03 1.64625  1.8847 531.073
    184 1800.05 1.64304 1.88495 523.208
    185 1800.03 1.63978 1.88505 524.218
    186 1800.05 1.63652 1.88499 526.975
    187 1800.06 1.63394 1.88436 533.442
    188 1800.07 1.63089 1.88513 527.215
    189 1800.06 1.62827 1.88636 519.253
    190 1800.01 1.62531 1.88544 525.747
    191 1800.05 1.62251 1.88631 519.741
    192    1800 1.61884 1.88527 525.495
    193 1800.05 1.61502 1.88703 531.582
    194 1800.04   1.611 1.88491 525.118
    195 1800.04 1.60745 1.88508 516.958
    196 1800.02 1.60394   1.883 515.984
    197 1800.01 1.60061  1.8837 515.765
    198 1800.04 1.59673 1.88365 526.877
    199 1800.06 1.59311 1.88267 531.242
    200 1800.03 1.58945 1.88527 527.579
    201 1800.08 1.58564 1.88326 519.938
    202 1800.07 1.58191   1.884 515.095
    203 1800.03 1.57848  1.8832 524.166
    204 1800.01 1.57457  1.8824 529.005
    205 1800.04 1.57108  1.8849 532.857
    206 1800.07 1.56765 1.88274  528.21
    207 1800.03 1.56419 1.88364 526.546
    208 1800.04 1.56152 1.88287 521.797
    209 1800.02 1.55874 1.88444 531.531
    210 1800.04 1.55598 1.88288 533.923
    211 1800.05 1.55322 1.88228 537.981
    212 1800.07 1.55002 1.88224 526.306
    213 1800.04  1.5468 1.88224  532.01
    214 1800.08 1.54326  1.8844 526.422
    215 1800.01 1.53983 1.88308 489.003
    216 1800.05 1.53602 1.88339 541.315
    217 1800.05 1.53262 1.88286  535.31
    218 1800.04 1.52927 1.88326 529.255
    219 1800.03 1.52578 1.88286 528.347
    220 1800.04 1.52234 1.88069 526.498
    221 1800.02 1.51956 1.88142 526.427
    222 1800.06 1.51693 1.88214 539.274
    223 1800.07 1.51387 1.88211 535.141
    224 1800.06 1.51112 1.88157 526.357
    225 1800.02 1.50823 1.88149 529.024
    226 1800.06 1.50514 1.88353  519.84
    227 1800.05 1.50253 1.88002 527.382
    228 1800.04 1.49947    1.88 530.433
    229 1800.07 1.49661 1.88058 534.024
    230 1800.06 1.49384 1.88136 525.689
    231 1800.01 1.49084 1.88139 519.623
    232 1800.07 1.48846 1.88099 522.409
    233 1800.01 1.48574 1.88118  523.34
    234 1800.05 1.48304 1.88193 535.362
    235 1800.03 1.48018 1.88184   532.8
    236 1800.09 1.47739 1.88266 524.429
    237 1800.07 1.47384 1.88176 519.615
    238 1800.06 1.47034 1.88105 515.282
    239    1800 1.46712  1.8809 525.844
    240 1800.07 1.46349 1.88107 536.615
    241 1800.06 1.45957 1.88088 532.058
    242 1800.01 1.45539 1.88048 513.764
    243 1800.04 1.45096 1.88241 523.022
    244 1800.04 1.44666 1.88131 521.007
    245 1800.01 1.44247 1.88131 534.076
    246 1800.01 1.43827 1.88021 529.037
    247 1800.04 1.43408 1.88209 535.471
    248 1800.04  1.4298 1.87955 520.065
    249 1800.07 1.42548 1.87906 519.811
    250 1800.05 1.42114  1.8795 528.203
    251    1800  1.4169 1.87936 533.607
    252 1800.03 1.41251 1.87906 536.519
    253 1800.04 1.40828 1.88121 528.046
    254 1800.02 1.40408 1.88196 526.004
    255    1800 1.39978 1.88113 529.708
    256 1800.04 1.39556 1.88129 524.716
    257 1800.01 1.39139  1.8813 528.411
    258 1800.06 1.38723 1.88125  539.26
    259 1800.03 1.38306 1.88113 529.577
    260 1800.04 1.37914 1.88093 532.072
    261 1800.06 1.37507 1.88073 536.945
    262 1800.05 1.37087 1.88201 531.749
    263 1800.01 1.36667 1.87991  540.38
    264 1800.08 1.36247 1.87966 509.587
    265 1800.04 1.35825 1.88073 535.444
    266 1800.07 1.35402 1.87819 521.166
    267 1800.09 1.34993 1.87888 524.298
    268 1800.03 1.34574 1.87874 523.942
    269 1800.02 1.34154 1.87845 534.333
    270 1800.07 1.33746 1.87956 538.071
    271 1800.04 1.33348 1.87952 526.994
    272 1800.05 1.32948  1.8781 531.975
    273 1800.06 1.32564  1.8807 535.597
    274 1800.06 1.32172 1.87745 541.616
    275 1800.07  1.3177 1.87906 538.466
    276 1800.06 1.31381 1.87921 538.772
    277 1800.03 1.30976 1.87939 537.412
    278 1800.05 1.30565 1.88031 537.038
    279 1800.01 1.30153  1.8795 530.387
    280 1800.07 1.29722  1.8795 532.525
    281 1800.03 1.29303 1.87912  524.71
    282 1800.02 1.28875 1.87817 534.613
    283 1800.01 1.28443  1.8793 529.038
    284 1800.01 1.28007 1.87907 517.646
    285 1800.08 1.27585 1.87852 526.257
    286 1800.04 1.27162  1.8799 532.277
    287 1800.01 1.26742 1.87909 534.926
    288 1800.09 1.26321 1.87913 532.326
    289 1800.05 1.25908 1.87941 528.065
    290 1800.04 1.25495 1.87892 517.607
    291 1800.04 1.25085 1.87944 523.132
    292 1800.03 1.24673 1.87966 527.656
    293 1800.06  1.2427 1.88019 526.811
    294 1800.06 1.23869 1.87838 489.944
    295 1800.03 1.23467 1.88044  500.41
    296 1800.06 1.23067 1.88035 517.631
    297 1800.03 1.22668 1.88019 520.952
    298 1800.01 1.22272 1.87888 525.146
    299 1800.02 1.21875 1.87857 537.847
    300 1800.08 1.21485 1.87879 525.344
    301 1800.07 1.21096 1.87938 515.287
    302 1800.02  1.2071 1.87792  516.61
    303    1800 1.20322 1.87822 516.901
    304 1800.01 1.19938 1.87952 524.241
    305 1800.08 1.19551 1.87937 527.758
    306 1800.01 1.19168 1.87888 516.106
    307 1800.04 1.18788 1.87938 521.287
    308 1800.05  1.1841 1.87798 514.508
    309 1800.04 1.18036 1.87808 484.183
    310 1800.08 1.17663  1.8774 519.314
    311 1800.03 1.17287 1.87775 537.731
    312 1800.03 1.16909 1.87799 529.826