       0  1800.01  2.34131  2.12585  426.315
       1  1800.02   2.1908  2.04306  431.703
       2  1800.05  2.11951  2.02109  436.389
       3  1800.04  2.08135  1.99114  430.141
       4  1800.06  2.05297  1.97724  430.405
       5  1800.03  2.03196  1.96455   435.65
       6     1800  2.01441  1.95131  444.511
       7  1800.06  2.00083    1.948  443.633
       8  1800.03  1.98874  1.94259  440.559
       9  1800.02  1.97902  1.93559  431.456
      10  1800.06  1.97012  1.93056  432.349
      11  1800.03  1.96237  1.92242   432.32
      12     1800  1.95506  1.91957  437.144
      13  1800.01  1.94852  1.92011  430.066
      14  1800.02  1.94312  1.90817  430.746
      15  1800.05  1.93852   1.9076  437.888
      16  1800.03  1.93432  1.90672  429.715
      17  1800.02  1.92939  1.90222  443.182
      18  1800.06  1.92476  1.90097  443.822
      19     1800  1.92107  1.89458  443.591
      20     1800  1.91513  1.89752  431.082
      21  1800.04  1.90352  1.89479  430.204
      22  1800.06  1.89157  1.89079  430.161
      23     1800  1.87532  1.88676  429.445
      24  1800.04  1.86015  1.89079  429.796
      25  1800.01  1.84436  1.88361  430.657
      26  1800.05  1.83075  1.88697  430.463
      27  1800.02  1.81554  1.89153  431.326
      28  1800.01  1.79814  1.88559  445.656
      29  1800.01  1.78278  1.88613  442.984
      30  1800.05  1.76404  1.88451  444.464
      31  1800.05  1.74505  1.88005  444.432
      32  1800.04  1.72788  1.88482  449.436
      33  1800.02  1.70964   1.8797  432.469
      34  1800.05  1.69218  1.87761  438.242
      35  1800.05  1.67705  1.87627  424.905
      36  1800.06  1.66169  1.87389  418.464
      37  1800.01  1.64646  1.88089  419.415
      38  1800.01  1.62889   1.8746  425.712
      39  1800.02   1.6098  1.87012  365.868
      40  1800.03  1.59261  1.86976  451.717
      41  1800.04  1.57621  1.86792   418.64
      42  1800.05  1.55826  1.87193  421.914
      43  1800.01  1.54106  1.86998  419.159
      44  1800.05   1.5231  1.87528  419.543
      45  1800.01  1.50457  1.86741  433.023
      46  1800.02  1.48471  1.86736  436.782
      47  1800.05   1.4647  1.86687  419.243
      48     1800  1.44392  1.86699  418.268
      49  1800.02  1.42348  1.86655  426.941
      50  1800.01  1.40328  1.86479  421.427
      51  1800.03  1.38296  1.86217  450.784
      52  1800.01  1.36532  1.86154   417.82
      53  1800.05  1.34741  1.86381  417.924
      54  1800.01    1.331  1.86346  419.789
      55  1800.05  1.31463  1.85904   417.53
      56  1800.02      1.3  1.86121  428.871
      57  1800.04  1.28466  1.86228  449.581
      58     1800  1.27114  1.86239  433.641
      59  1800.01  1.25543  1.85883  419.688
      60  1800.03  1.23935  1.85999  419.668
      61  1800.02  1.22368  1.86084  421.384
      62  1800.05  1.20801   1.8572  436.814
      63  1800.05  1.19378  1.85866  443.254
      64  1800.01  1.17927  1.86276  427.012
      65  1800.05  1.16452  1.85798  419.499
      66  1800.01  1.14996  1.85978  421.566
      67     1800  1.13534  1.85543  418.629
      68  1800.04  1.12192  1.85553  437.483
      69     1800  1.10899  1.85639  437.955
      70  1800.02  1.09605  1.85502  420.053
      71  1800.04  1.08386  1.85428  413.106
      72  1800.04  1.07126  1.85444  419.168
      73  1800.03  1.05857  1.85527    419.2
      74  1800.02  1.04671  1.85452  438.703
      75  1800.01  1.03463  1.85698  452.374
      76  1800.05  1.02317  1.85636  425.851
      77  1800.01  1.01182  1.85526  422.538
      78     1800   1.0006  1.85416  424.746
      79  1800.03 0.989368  1.85335  423.028
      80  1800.01 0.978816  1.84907  449.434
      81  1800.02 0.968463  1.84956  436.539
      82  1800.01 0.958161  1.85051  397.347
      83  1800.01 0.948201  1.84979  418.534
      84  1800.05 0.937863   1.8502  418.914
      85  1800.01 0.928163  1.85079  420.568
      86     1800 0.918419  1.84859  439.575
      87  1800.05  0.90904  1.84675  434.528
      88  1800.06 0.899694  1.84845  419.095
      89  1800.06 0.890551  1.84765  419.628
      90  1800.04  0.88134  1.84719  419.427
      91  1800.03  0.87232  1.84649  428.128
      92  1800.01   0.8636  1.84967  444.822
      93  1800.04 0.855207  1.84504  431.501
      94  1800.03 0.846694  1.84663  419.346
      95  1800.01 0.838316  1.84714   419.69
      96  1800.05 0.830011  1.84587  425.778
      97  1800.01 0.821925  1.84572  428.882
      98  1800.01 0.814226  1.84244  436.763
      99  1800.03 0.806564  1.84401  430.531
     100  1800.02 0.799106   1.8434   418.11
     101  1800.05 0.791751  1.84261  412.061
     102  1800.04 0.784532  1.84428  417.991
     103  1800.01 0.777468  1.84115  431.431
     104  1800.06 0.770584  1.84217  433.802
     105  1800.01  0.76378  1.84065   427.03
     106  1800.01 0.756967  1.84246  418.953
     107     1800 0.750197   1.8415  420.872
     108  1800.06 0.743543  1.84415  419.789
     109  1800.04 0.737129  1.84232  442.791
     110  1800.01 0.730742  1.84274  440.378
     111  1800.06 0.724576  1.84337  420.345
     112  1800.06 0.718279  1.84188  418.102
     113  1800.04 0.712083   1.8438  419.877
     114  1800.02 0.706006  1.84369  418.974
     115  1800.04 0.700118  1.84437  439.816
     116  1800.06 0.694268   1.8444   450.15
     117     1800  0.68854  1.84372  419.365
     118  1800.05  0.68289  1.84347   419.25
     119  1800.02 0.677256  1.84395  419.426
     120  1800.06 0.671775  1.84115   426.61
     121  1800.04 0.666386  1.84379  442.454
     122  1800.05  0.66122  1.84131   433.76
     123  1800.06 0.656083  1.84008  420.196
     124  1800.05 0.650946   1.8406  418.693
     125  1800.02 0.645868  1.83901   420.06
     126  1800.02  0.64081  1.84088  421.582
     127  1800.03 0.635908  1.84003  438.724
     128  1800.06 0.631056  1.84153  439.896
     129  1800.05 0.626274  1.84168  424.127
     130  1800.04 0.621493  1.84172  425.354
     131  1800.03 0.616765  1.84088  416.152
     132  1800.04 0.612182  1.83825   422.64
     133  1800.02 0.607684  1.83975   437.67
     134  1800.01 0.603292  1.83917  434.782
     135  1800.04  0.59896  1.83876  419.063
     136  1800.03  0.59464  1.84062  390.967
     137  1800.06 0.590316  1.83622  426.295
     138  1800.05 0.586094  1.83923  420.644
     139     1800 0.581958  1.84255  444.246
     140  1800.02 0.577884   1.8395    436.8
     141  1800.04 0.573888  1.83754  420.364
     142  1800.02 0.569918  1.83771  418.736
     143  1800.04 0.565982  1.83671   418.23
     144  1800.02 0.562108   1.8379  413.467
     145  1800.05  0.55828  1.83763  441.239
     146  1800.03 0.554555  1.83544  444.464
     147  1800.06 0.550888  1.83761  419.067
     148  1800.01 0.547226  1.83518  429.679
     149  1800.02 0.543535  1.83823  428.991
     150     1800 0.539935  1.83553  421.065
     151  1800.05 0.536409  1.83598  440.607
     152  1800.06 0.532984  1.83535  419.987
     153  1800.04  0.52956  1.83533   425.91
     154  1800.03 0.526145  1.83375  420.224
     155     1800 0.522749  1.83456  421.654
     156  1800.04 0.519379  1.83478  428.814
     157  1800.01 0.516079  1.83604  439.659
     158  1800.01 0.512893  1.83464  436.366
     159  1800.04 0.509717  1.83635  419.585
     160  1800.04 0.506578  1.83598  418.867
     161     1800 0.503412  1.83472  425.857
     162  1800.05 0.500279  1.83575  429.867
     163  1800.03 0.497235  1.83901  445.929
     164  1800.02 0.494257  1.83867  428.567
     165  1800.05 0.491328  1.83552  418.388
     166  1800.06 0.488402  1.83354  418.349
     167  1800.04 0.485493  1.83585  418.702
     168  1800.02 0.482606  1.83748  434.699
     169  1800.05 0.479789  1.83536  439.007
     170  1800.04 0.477044  1.83391  421.964
     171  1800.02 0.474292  1.83613   419.87
     172  1800.04  0.47156  1.83466  418.312
     173  1800.02 0.468846  1.83482  419.657
     174  1800.04 0.466169  1.83422  429.217
     175     1800 0.463541  1.83332  448.979
     176  1800.02 0.460958  1.83409  427.366
     177  1800.03 0.458403   1.8353  418.352
     178  1800.04 0.455859  1.83803  419.063
     179  1800.02 0.453313  1.83686  420.002
     180  1800.06   0.4508  1.83258  425.916
     181  1800.05 0.448321  1.83405   443.61
     182  1800.02  0.44592   1.8364  427.269
     183  1800.06  0.44351  1.83518  421.608
     184     1800 0.441099  1.83508  426.022
     185  1800.04 0.438693  1.83494  423.888
     186  1800.05 0.436351  1.83797  431.744
     187  1800.01 0.434062   1.8359  444.784
     188  1800.03 0.431808  1.83309  426.307
     189  1800.01 0.429536  1.83466  425.244
     190  1800.02 0.427282  1.83681  417.514
     191  1800.02 0.425054   1.8342  418.989
     192  1800.02 0.422853  1.83323  438.728
     193  1800.02 0.420704  1.83149  433.632
     194  1800.04 0.418586  1.83342   419.06
     195  1800.04 0.416463  1.83174  419.235
     196  1800.04 0.414347  1.83437  426.207
     197  1800.06  0.41225  1.83672  426.036
     198  1800.05 0.410199  1.83567  433.839
     199  1800.05 0.408181  1.83438  431.135
     200     1800 0.406188  1.83321  418.375
     201  1800.03 0.404188  1.83221  418.223
     202     1800 0.402209  1.83179  418.576
     203  1800.06  0.40025  1.83348  418.892
     204  1800.05 0.398309  1.83113  443.935
     205  1800.04 0.396406  1.83035  432.479
     206  1800.04 0.394525  1.83079    418.2
     207  1800.05 0.392647  1.82887  418.875
     208  1800.01 0.390742  1.83221  425.117
     209  1800.01 0.388879  1.83315  419.667
     210  1800.01 0.387054  1.83274  439.618
     211     1800 0.385252  1.83181  442.232
     212  1800.06 0.383457  1.83039  419.362
     213  1800.01 0.381672   1.8286  418.174
     214  1800.04 0.379878  1.83091  420.159
     215  1800.01 0.378111  1.83023  432.515
     216  1800.03 0.376379  1.83032  439.625
     217  1800.03 0.374686  1.83261  430.658
     218  1800.02 0.372997  1.83127   419.27
     219  1800.01 0.371293  1.82846  418.431
     220  1800.05  0.36961  1.82873  418.542
     221  1800.04 0.367938  1.82819  426.244
     222  1800.04 0.366289  1.83231    449.5
     223  1800.06 0.364681   1.8325  427.801
     224  1800.03 0.363076  1.82934  418.721
     225  1800.02 0.361453  1.83037  418.432
     226  1800.01 0.359837  1.82671  425.116
     227  1800.03 0.358256  1.82931  426.332
     228  1800.06 0.356697  1.83216    443.7
     229  1800.02  0.35517   1.8279  429.708
     230  1800.04 0.353633  1.82684  425.445
     231  1800.06 0.352094  1.82761  426.393
     232  1800.01 0.350566  1.82913   426.28
     233  1800.04 0.349059  1.82947  442.779
     234  1800.06  0.34758  1.83079   433.15
     235     1800 0.346123  1.82682  419.421
     236  1800.03 0.344674  1.83011  420.354
     237  1800.04 0.343217  1.82827   426.23
     238  1800.02 0.341785  1.82955  418.362
     239  1800.05 0.340371  1.82807  435.829
     240  1800.01 0.338975  1.82923  439.255
     241  1800.04 0.337586   1.8288  418.348
     242  1800.06 0.336192  1.82662  425.277
     243  1800.02 0.334801  1.82841  419.288
     244  1800.02  0.33342  1.82854   425.93
     245  1800.03 0.332059  1.82833  438.609
     246  1800.03 0.330734  1.82862  442.081
     247  1800.02 0.329408  1.82724  416.135
     248  1800.02  0.32808   1.8286  425.393
     249  1800.02 0.326758  1.82831  420.284
     250  1800.02 0.325451  1.82677  429.227
     251     1800 0.324163  1.82612  440.199
     252  1800.04   0.3229  1.82718  430.534
     253  1800.03 0.321643  1.82821  419.087
     254  1800.06 0.320386  1.82735  419.104
     255  1800.04 0.319119  1.82714  418.763
     256  1800.01 0.317875   1.8264  425.912
     257  1800.02 0.316636  1.82686  444.292
     258  1800.02 0.315432  1.83127  434.888
     259  1800.04 0.314221  1.82793  425.721
     260  1800.05 0.313014  1.82664  418.363
     261  1800.05 0.311817  1.82548  419.226
     262  1800.03 0.310626  1.82618  418.783
     263  1800.01 0.309457   1.8248  440.813
     264  1800.01 0.308307  1.82497  438.781
     265  1800.05 0.307158  1.82503  422.366
     266  1800.04 0.306009  1.82571  421.614
     267  1800.01 0.304865  1.82662  419.146
     268  1800.04 0.303719   1.8223  420.392
     269  1800.05 0.302588  1.82407  442.928
     270  1800.02 0.301474  1.82359  440.558
     271  1800.04 0.300377  1.82323  418.349
     272  1800.02 0.299271  1.82523  419.251
     273  1800.01 0.298149  1.82761  425.348
     274  1800.03 0.297052  1.82482  429.059
     275  1800.04  0.29597  1.82378  442.257
     276  1800.03 0.294909  1.82515  441.031
     277  1800.05 0.293851  1.82349  424.451
     278  1800.03  0.29279  1.82541  418.576
     279  1800.06 0.291733  1.82519  419.843
     280  1800.02 0.290685  1.82605  421.924
     281     1800 0.289657  1.82532  445.705
     282  1800.03 0.288641  1.82446  439.421
     283  1800.03 0.287628  1.82446  423.409
     284  1800.01 0.286621  1.82839  419.567
     285     1800 0.285619  1.82282   421.95
     286     1800 0.284615   1.8264  427.994
     287  1800.03 0.283634  1.82439  444.751
     288  1800.04 0.282664  1.82489  425.545
     289  1800.02 0.281688  1.82291  418.415
     290  1800.01 0.280715  1.82671  427.087
     291  1800.05 0.279755  1.82507  418.647
     292  1800.02 0.278792  1.82459  429.013
     293  1800.02 0.277854  1.82211  445.817
     294  1800.04  0.27693  1.82298  432.276
     295  1800.05 0.275989  1.82427  415.668
     296  1800.05  0.27506  1.82238    420.9
     297  1800.02  0.27413  1.82345  418.202
     298  1800.02 0.273215  1.82572  436.477
     299     1800 0.272312  1.82573  442.708
     300  1800.06 0.271412  1.82513  423.853
     301     1800 0.270517  1.82414  418.938
     302  1800.05 0.269621  1.82442  423.816
     303  1800.01 0.268725  1.82472  426.542
     304  1800.02 0.267848  1.82424  437.002
     305     1800 0.266973  1.82199  443.798
     306     1800 0.266114  1.82423  418.447
     307  1800.02 0.265242  1.82531  425.958
     308  1800.04 0.264377   1.8244  424.028
     309  1800.06 0.263511   1.8233  420.337
     310  1800.01 0.262667  1.82405  445.362
     311  1800.02 0.261827  1.82465  426.143
     312  1800.05 0.260989  1.82278  422.205
     313  1800.01  0.26015   1.8235  422.367