       0  1800.02   1.6871  1.86083  697.011
       1  1800.02  1.60215  1.82799  684.191
       2  1800.05  1.57087  1.81633  698.173
       3  1800.04  1.54024  1.80597  672.961
       4  1800.04  1.50365  1.79998  642.466
       5  1800.01  1.46671  1.78952  658.309
       6  1800.01  1.41423  1.78857  655.438
       7     1800  1.37021  1.78653  676.601
       8  1800.03  1.32833  1.78386  640.344
       9  1800.05  1.30308  1.77859   687.26
      10  1800.04  1.28106  1.77196  676.174
      11  1800.03  1.26202  1.77724  664.322
      12  1800.04  1.24629  1.77364   667.63
      13     1800  1.22417  1.77215  656.416
      14  1800.02   1.2041  1.76883  683.157
      15  1800.02  1.18738  1.76905  675.622
      16  1800.02  1.16705  1.76699   660.52
      17  1800.05  1.14316  1.76758  672.788
      18  1800.02  1.11442  1.76703  658.051
      19  1800.05  1.08654  1.75917  681.876
      20  1800.05  1.06294  1.76462  678.312
      21     1800  1.03608  1.76337   670.24
      22     1800  1.01456  1.76271    664.4
      23  1800.01 0.990109   1.7619  673.117
      24  1800.04 0.967413  1.76438  698.656
      25  1800.02 0.943257  1.76099  673.847
      26  1800.04 0.919667  1.76172  671.668
      27     1800 0.895653  1.75804  669.358
      28  1800.05 0.873248  1.75977  676.023
      29  1800.03 0.852381  1.75839  689.026
      30  1800.02 0.832352  1.75699  671.346
      31  1800.02 0.814593  1.75949  653.862
      32     1800 0.797312  1.75558  656.789
      33  1800.05  0.78048  1.75507  669.336
      34  1800.03 0.763757  1.75439  691.845
      35  1800.05 0.747672  1.75474  670.029
      36  1800.02 0.731816  1.75448    667.6
      37     1800 0.716484   1.7535  688.321
      38  1800.02 0.701353  1.75548  675.104
      39  1800.02 0.687056  1.75233  695.767
      40  1800.01 0.672758  1.75194  672.306
      41  1800.02 0.659678  1.75181  637.553
      42  1800.01   0.6467  1.75193  662.421
      43  1800.01 0.634419  1.75073  664.908
      44  1800.01 0.622849  1.75099   676.82
      45  1800.03  0.61254  1.75084  658.388
      46  1800.03 0.602271  1.74987  662.405
      47     1800 0.592736   1.7514  663.044
      48  1800.05 0.583799  1.75223  653.502
      49  1800.05  0.57423  1.74972  690.782
      50  1800.03 0.565303  1.75134  662.913
      51  1800.04 0.556102   1.7482  659.374
      52     1800 0.547855  1.74896   665.66
      53  1800.01 0.539305   1.7481  658.421
      54  1800.01 0.531448  1.74759  631.592
      55  1800.03 0.524163  1.74758  660.033
      56  1800.05 0.516681  1.74976  659.823
      57  1800.05 0.509499  1.74799  653.608
      58  1800.01 0.502661  1.75032  664.901
      59     1800 0.496223   1.7497  677.082
      60  1800.04 0.489627  1.75012  658.726
      61  1800.03 0.483247  1.74852  663.462
      62  1800.05 0.476848  1.74769  662.482
      63  1800.04 0.470388  1.75114  654.169
      64  1800.02 0.464295  1.74869  676.264
      65  1800.03 0.458509  1.74749  665.928
      66  1800.04 0.452797  1.74682  659.615
      67  1800.01 0.447157  1.74663  660.988
      68  1800.04 0.441598  1.74662  676.172
      69  1800.02 0.436031  1.74633  667.991
      70  1800.01 0.430742  1.74814  661.005
      71  1800.02  0.42578  1.74534  657.569
      72  1800.04 0.420645  1.74369   671.89
      73  1800.01 0.415875  1.74263  681.621
      74  1800.04 0.410996  1.74118  670.537
      75  1800.04 0.406264  1.74484  675.707
      76  1800.01 0.401736  1.74683  665.077
      77  1800.02 0.397366  1.74317  651.596
      78  1800.03 0.392931  1.74422  686.599
      79  1800.04 0.388552   1.7432  669.345
      80  1800.03 0.384269  1.74209  669.696
      81  1800.03 0.380303  1.74316   654.42
      82  1800.03 0.376362  1.74071   654.74
      83  1800.03 0.372627  1.74192  676.625
      84  1800.01 0.368985   1.7403  666.203
      85  1800.03 0.365366  1.74051  664.736
      86  1800.03 0.361909  1.74049  655.849
      87  1800.04 0.358336  1.73987  664.899
      88  1800.05 0.354797  1.74296  676.142
      89  1800.03  0.35138  1.74302  668.493
      90  1800.05 0.347927  1.74353  655.196
      91  1800.05 0.344503  1.74233  660.107
      92  1800.01 0.341269   1.7415  661.972
      93  1800.04 0.338075  1.74093  685.128
      94  1800.02  0.33489  1.74381  666.996
      95  1800.01 0.331837   1.7443  661.857
      96  1800.05 0.328866  1.74199  660.174
      97  1800.01 0.326012  1.74066  664.287
      98  1800.04 0.323036  1.74348  692.109
      99  1800.04 0.320059  1.74293  663.339
     100  1800.01 0.317196  1.74396  668.125
     101  1800.05 0.314451  1.74231  666.845
     102  1800.02 0.311722  1.74192  678.341
     103  1800.01  0.30907  1.74102  672.001
     104  1800.03 0.306389  1.74193  664.685
     105  1800.02 0.303806  1.74027  668.334
     106  1800.04 0.301245  1.74148  659.595
     107  1800.05 0.298772  1.74133  675.003
     108  1800.02 0.296317  1.74312  675.685
     109  1800.04  0.29399   1.7428  663.298
     110  1800.05 0.291595  1.74133  664.282
     111  1800.01 0.289219  1.73925  657.013
     112  1800.05 0.286884  1.73909  689.613
     113  1800.04 0.284578  1.73882  663.308
     114  1800.02 0.282342  1.73941  669.668
     115  1800.03 0.280168  1.74437  666.898
     116  1800.03 0.277987  1.73897  672.646
     117  1800.05 0.275786  1.74026   680.03
     118  1800.02 0.273623  1.73806    664.3
     119  1800.05 0.271546  1.74007  661.527
     120  1800.05 0.269474  1.73959  663.042
     121     1800 0.267485   1.7396  656.794
     122  1800.03 0.265526  1.73857  677.939
     123  1800.03 0.263553  1.73874  661.202
     124  1800.02 0.261601  1.73944  662.768
     125  1800.03  0.25965  1.73956  671.175
     126  1800.04 0.257781   1.7376  671.455
     127  1800.03 0.255918  1.73833  672.015
     128  1800.01 0.254067  1.73906   662.11
     129  1800.05  0.25224  1.73934   657.99
     130  1800.04 0.250417  1.73833  663.795
     131  1800.03 0.248607  1.73933  677.264
     132  1800.02 0.246848  1.74076  654.504
     133  1800.01  0.24512  1.73896   651.62
     134     1800 0.243434  1.73859  656.122
     135  1800.03 0.241769  1.74047  650.171
     136  1800.01 0.240097  1.73793  674.723
     137  1800.03 0.238481  1.73746  659.519
     138  1800.02 0.236853  1.73984  652.029
     139  1800.03 0.235252  1.73793  649.517
     140  1800.01 0.233688  1.74106  640.304
     141  1800.01 0.232158  1.73777  671.373
     142  1800.04 0.230643  1.73742  651.564
     143  1800.02 0.229159  1.73784  650.865
     144  1800.03 0.227695  1.73674   651.86
     145     1800 0.226231  1.73836  661.138
     146  1800.02 0.224765  1.74021  657.446
     147  1800.02 0.223318  1.74022  667.223
     148  1800.05 0.221905  1.73787  662.368
     149  1800.05 0.220515  1.73924  667.245
     150  1800.03 0.219145  1.73821   578.13
     151  1800.01 0.217772  1.74009  683.126
     152  1800.02 0.216432  1.73833  664.827
     153     1800 0.215113   1.7378  661.188
     154  1800.03 0.213782  1.73776  664.393
     155  1800.03 0.212485  1.73866  662.558
     156  1800.04  0.21122  1.73829  682.064
     157  1800.03 0.209949  1.73869  664.927
     158  1800.03 0.208698  1.73855  664.676
     159  1800.01 0.207462  1.73601  662.335
     160  1800.05 0.206229  1.73567  667.761
     161     1800 0.204994  1.73862  691.124
     162  1800.02 0.203799  1.73668  663.466
     163  1800.03 0.202596  1.74143  658.594
     164  1800.01 0.201407  1.73932  658.995
     165  1800.05 0.200247  1.73881  650.238
     166  1800.02 0.199115  1.73754   671.75
     167     1800 0.197995  1.73808  649.556
     168  1800.03 0.196881  1.73848  650.917
     169  1800.01 0.195784  1.73803  659.788
     170  1800.02 0.194703  1.73547  649.389
     171  1800.03 0.193604  1.73546  673.303
     172  1800.04  0.19253  1.73756  650.584
     173  1800.05 0.191469  1.73398  651.013
     174  1800.01 0.190417  1.73634  656.788
     175  1800.02 0.189381  1.73506  654.049
     176  1800.03 0.188345  1.73407  674.592
     177  1800.03 0.187321  1.73544  659.873
     178  1800.03   0.1863  1.73592  656.595
     179  1800.03 0.185299  1.73368  663.068
     180  1800.04 0.184313  1.73639  659.302
     181  1800.03 0.183328   1.7356  669.201
     182     1800 0.182349  1.73299  663.675
     183  1800.01 0.181382  1.73497  666.606
     184  1800.01 0.180428  1.73764    662.3
     185  1800.02 0.179492  1.73515  672.391
     186  1800.01 0.178562  1.73464  668.214
     187  1800.04 0.177634  1.73587  658.192
     188  1800.01 0.176715  1.73572   664.56
     189  1800.03 0.175818  1.73581  663.165
     190  1800.02 0.174936  1.73251  688.252
     191  1800.02 0.174036  1.73588  673.996
     192  1800.04  0.17315  1.73511  662.815
     193  1800.01 0.172272  1.73637  654.485
     194  1800.05 0.171415  1.73502   652.54
     195  1800.03 0.170548  1.73435  688.932
     196  1800.02 0.169699  1.73564  660.776
     197  1800.02 0.168856  1.73429  661.632
     198  1800.03 0.168021  1.73515  659.716
     199  1800.04 0.167202  1.73322   660.98
     200  1800.03 0.166405  1.73233  683.697
     201  1800.03 0.165596   1.7327  628.509
     202  1800.02 0.164784  1.73197  667.785
     203  1800.03 0.163984  1.73407  679.303
     204  1800.03 0.163191  1.73373  675.595
     205  1800.03 0.162411  1.73181  678.214
     206  1800.01 0.161647  1.73375  671.489
     207  1800.01 0.160893  1.73336  671.105
     208  1800.02 0.160156  1.73433  636.829
     209  1800.01 0.159427  1.73471  666.263
     210  1800.04 0.158685  1.73395  666.941
     211  1800.02  0.15796  1.73446  656.385
     212  1800.01 0.157247  1.73416  658.229
     213  1800.05 0.156546  1.73487  660.663
     214  1800.02 0.155842  1.73346  680.256
     215  1800.04 0.155135   1.7329  663.987
     216  1800.02 0.154439  1.73257  659.685
     217  1800.03  0.15375  1.73251  660.552
     218  1800.04 0.153064  1.73258  667.249
     219     1800 0.152387  1.73276  698.556
     220  1800.04 0.151711  1.73259  666.783
     221  1800.05  0.15104  1.73192  659.114
     222  1800.05 0.150378  1.73115  673.571
     223  1800.05  0.14972  1.73053  676.013
     224  1800.01 0.149059  1.73078   685.63
     225  1800.01 0.148407  1.73227  668.402
     226  1800.01 0.147767  1.73166  661.096
     227  1800.05 0.147132  1.73314   660.83
     228  1800.05 0.146488  1.73204    672.8
     229  1800.02 0.145858  1.73301  684.714
     230  1800.05 0.145228  1.73189  645.863
     231  1800.03 0.144603  1.73305  665.062
     232  1800.01 0.143986  1.73202  662.799
     233  1800.01 0.143368  1.73331  675.607
     234  1800.02 0.142754  1.73017  693.898