      0 1800.01  2.1087 2.12052 192.222
      1    1800 2.01553 2.04709 216.461
      2 1800.01 1.97603 2.00601 212.083
      3    1800 1.95361 1.99051 219.032
      4    1800 1.93723 1.96636 249.293
      5 1800.01 1.92699 1.96165 151.484
      6    1800  1.9185 1.95509 194.968
      7 1800.01 1.91213 1.94732  131.82
      8    1800 1.90766 1.94069 209.589
      9    1800 1.90012 1.92915 167.403
     10    1800 1.89494 1.93043  141.89
     11    1800 1.89135 1.91576  164.22
     12    1800 1.88618 1.91852 204.708
     13    1800 1.88211 1.91777 156.185
     14 1800.01 1.87924 1.91132 203.252
     15    1800  1.8762 1.91304 202.647
     16    1800 1.87338 1.90707 202.209
     17    1800 1.86986 1.90142 151.967
     18    1800 1.86613 1.89551 199.649
     19    1800 1.86268 1.89521 154.966
     20    1800 1.86084 1.89318 170.834
     21 1800.01  1.8591 1.89991 164.566
     22    1800 1.85766 1.89251 207.399
     23    1800  1.8557 1.89487 160.878
     24    1800 1.85374 1.89168 139.112
     25 1800.01 1.85186 1.89319 146.249
     26    1800 1.85059 1.88831 179.488
     27    1800 1.84823 1.88311 215.504
     28 1800.01 1.84666 1.87535 165.907
     29    1800 1.84538 1.87668 156.479
     30    1800 1.84394 1.87587 146.076
     31 1800.01  1.8427 1.87845 148.367
     32    1800 1.84141 1.87661 171.971
     33    1800 1.84038  1.8791 187.472
     34 1800.01 1.83917 1.87525 141.669
     35    1800  1.8379 1.86864 178.169
     36    1800 1.83688 1.87421 155.597
     37    1800 1.83567 1.87118 179.293
     38    1800 1.83417 1.87704 186.897
     39    1800 1.83317 1.87441 145.246
     40    1800 1.83236 1.86774  216.46
     41    1800 1.83109 1.87174   216.5
     42    1800 1.83033 1.86782 201.722
     43    1800  1.8294 1.87157 236.758
     44    1800 1.82836 1.87259 224.108
     45    1800 1.82711 1.86358 233.948
     46    1800 1.82604 1.86594 233.442
     47    1800 1.82518 1.86364 145.098
     48 1800.01 1.82416 1.86351 120.775
     49    1800 1.82331 1.86475 161.167
     50    1800 1.82231 1.86599 132.393
     51 1800.01 1.82169 1.86242 161.148
     52    1800 1.82109 1.86643 156.172
     53    1800  1.8206 1.86248 190.168
     54    1800 1.81972 1.86437     210
     55    1800 1.81871 1.85796 245.072
     56    1800 1.81823  1.8669 239.069
     57    1800  1.8178 1.85818 185.026
     58    1800 1.81709 1.86194 225.272
     59    1800  1.8165 1.85716 165.212
     60    1800 1.81598 1.85443  213.58
     61    1800  1.8154  1.8552 136.763
     62    1800 1.81483 1.85088 136.345
     63    1800 1.81456 1.85669 135.172
     64    1800 1.81394 1.85781 192.713
     65    1800 1.81338  1.8584 155.326
     66    1800 1.81275 1.85784 183.318
     67    1800  1.8123 1.85373 209.053
     68    1800 1.81194 1.85282 157.892
     69    1800 1.81165 1.85059 173.102
     70    1800 1.81147 1.85483 183.769
     71 1800.01 1.81102 1.86173  164.24
     72    1800 1.81049 1.85776 199.692