   -0.146609
  -0.0240086
    0.157731
  -0.0100187
     0.88164
    0.222663
   -0.393325
    0.177261
    0.249065
   -0.560097
    0.354795
    -0.58502
    0.438104
    0.272376
   -0.147563
   -0.341132
     0.61418
   -0.666113
    0.682963
   -0.570473
    0.649936
     0.41561
   0.0322843
    0.939202
   -0.138052
   -0.248766
    0.943658
  -0.0715294
    0.674365
   -0.213229
   0.0985762
    0.630712
    0.103846
    0.463239
   0.0551107
   -0.128811
   -0.052396
    0.884579
    0.498438
    0.228363
  -0.0427853
    0.412876
   -0.581994
    0.410029
   -0.226766
    0.149614
   -0.142286
   -0.354499
   -0.586539
    -0.44915
  -0.0913544
   -0.248639
    0.110757
    -0.82359
   -0.272777
    0.789067
    0.770648
   0.0553316
   -0.576917
   -0.122775
   0.0274741
  -0.0139173
    -0.24723
  -0.0894657
    0.846075
   -0.159118
   -0.960047
    0.130155
     0.37058
   -0.364345
   -0.528181
    0.260071
    0.592356
    0.337223
   0.0611835
    0.713717
   -0.218408
    0.141849
     0.17394
    0.711131
    0.940711
   0.0060291
   -0.218355
   0.0860637
   -0.510559
   -0.129824
   -0.491209
   -0.245437
   0.0330442
    0.865004
  -0.0918333
   -0.341333
  -0.0747155
   -0.531333
   -0.563967
      0.8128
   0.0597523
    0.320164
   -0.103758
   -0.120696
    0.310601
  -0.0332647
   -0.118562
    0.563366
   0.0987085
   0.0260595
   0.0806829
    -1.09274
   -0.120755
    0.230364
   -0.147339
   -0.626863
    0.306823
   0.0397292
   -0.182409
  -0.0710441
   -0.304771
   -0.606485
    -0.07303
    0.480124
    0.235809
   -0.305545
   0.0937217
   -0.036284
  -0.0225645
 -0.00451312
   -0.499842
   0.0457519
   -0.239832
    0.026676
    0.308634
    0.313416
    0.357371
    0.442066
    0.273414
    -0.31044
   0.0516409
    0.203041
   -0.108307
    0.139097
    0.615603
   -0.332622
    0.968249
    0.343263
    0.480562
   -0.138743
    0.414958
    0.197587
   -0.288491
   0.0439493
   -0.239173
     0.12623
    0.455724
   -0.273924
    0.274666
    0.125238
  -0.0444753
    0.466597
    0.248907
   -0.093048
  -0.0546549
    0.402188
   -0.524333
    0.463345
    0.458986
   -0.192721
   -0.371439
   -0.202206
   -0.162123
    0.710824
   0.0245257
   -0.352867
   -0.294818
   0.0647308
   -0.244167
    0.498011
   0.0413901
   -0.149869
  -0.0852569
    0.232546
    0.234502
    0.158786
    0.267668
   -0.142395
   -0.397664
   -0.424878
  -0.0878393
   -0.176064
 -0.00721537
    0.363889
   0.0281491
    0.139748
    -1.08239
   0.0396385
   -0.355877
  -0.0353917
    0.268368
    0.850414
   -0.328529
    0.130255
   0.0337911
  0.00089594
    0.489671
   0.0806966
    0.464813
    0.239353
   -0.279997
    -0.09039
    0.411905
    0.373296
    0.901666
    0.316444
    0.299609
   -0.379046
    0.546525
 -0.00335939
    0.998137
    0.546156
    0.591679
    0.321144
   -0.119402
    0.502472
    0.743039
    0.579045
   -0.514188
   -0.373822
    0.274305
   0.0601273
   -0.280176
   -0.504632
   0.0294135
   -0.880065
    0.763946
    0.512124
    0.434593
    0.134638
    0.639514
    0.146962
   -0.309556
    0.103732
    0.123012
    0.282361
  -0.0816648
   0.0551183
   -0.216393
    0.549199
   -0.482669
   -0.305326
    0.310082
   -0.317384
     1.30631
   -0.169254
  0.00775803
     0.14651
    0.651261
    0.144153
    0.216954
   0.0548545
   -0.169863
     0.30482
     1.14854
   0.0719846
   -0.393539
    0.530153
     0.52475
    0.204636
   -0.269174
   -0.199738
    0.100694
   0.0334399
   -0.405575
   -0.130302
    0.108417
   -0.723955
    0.201543
  -0.0793824
    0.378405
   -0.184227
    0.263558
    0.287965
   -0.141665
  -0.0138899
    0.948098
   -0.251852
    0.228904
  -0.0443742
    0.735868
    0.676621
    0.837658
    0.182607
     0.21009
   -0.296766
   -0.161515
    0.289005
    0.858605
   0.0874142
    0.342856
   -0.130303
   0.0572459
    0.324672
    -0.35195
    0.664595
   -0.135837
   -0.614632
    -0.34982
   -0.109907
    0.617437
   -0.357867
    0.344112
    0.133979
    0.029238
    0.070285
    0.855923
   -0.504258
   -0.573815
 -0.00329211
  -0.0734948
    0.330768
    0.279572
    0.387005
    0.371584
   -0.166434
   -0.825033
  -0.0866105
    0.633149
   -0.344729
   -0.680551
  0.00379791
    0.436772
    0.598506
    0.232464
    0.202537
    0.542302
   -0.196907
    0.914469
    0.141852
    0.654256
    0.314247
   0.0213907
    0.298091
   -0.195643
   -0.134025
   -0.135811
   0.0148541
   -0.232842
    0.478182
  -0.0623812
   -0.887869
   -0.353906
    0.249158
   0.0239612
    0.843538
    0.264099
    0.453961
   -0.237876
   -0.459298
    0.484342
    0.270172
    0.400533
   -0.739988
   0.0187388
     0.53642
  -0.0234566
   -0.317612
  -0.0455383
    0.325706
   -0.335093
   -0.180685
   -0.240927
   -0.298327
   -0.362468
    0.404659
    0.268609
   -0.416482
  -0.0254271
    0.387095
   -0.381918
  0.00722117
   -0.270433
   -0.171239
    0.168398
   -0.152597
   -0.338716
   -0.433816
   -0.432353
   0.0692615
  -0.0558556
    0.600761
    0.616823
     0.20502
     0.64905
-0.000123707
    0.531016
    0.741313
   -0.224824
   0.0280218
   -0.370617
   -0.238863
     0.97341
    0.177946
   -0.486831
   -0.270328
    0.077241
    0.321824
   0.0411256
   0.0736881
    0.372171
      0.0165
    0.275812
    0.147719
   -0.281537
    0.700088
    0.136064
   0.0849262
    0.317361
   -0.326226
   -0.356692
  -0.0831558
   -0.294454
   -0.162841
     0.80115
  -0.0906581
   -0.721331
    0.280137
   -0.271529
  -0.0952012
    0.790885
   -0.119351
 -0.00547039
    0.411622
   -0.177554
    0.437578
  -0.0845264
    0.516715
   -0.131073
   -0.191656
    0.488116
   0.0597526
   0.0788976
   -0.211163
    0.469356
   0.0918219
   -0.049989
   -0.176673
  -0.0843232
    0.355335
     0.17609
     0.30602
    -1.15484
    0.180604
   -0.629239
   0.0556192
    0.472895
   0.0557094
   -0.623939
   -0.460552
    0.162377
   -0.757479
    0.558315
   -0.403323
   -0.238155
   -0.715916
   -0.299987
   -0.272742
    0.347291
    -0.64832
    0.574889
    0.253272
   0.0195305
   -0.511525
    0.256563
    0.112905
    0.168198
    0.017004
    0.332997
    0.316071
    0.488247
    0.444662
 -0.00790825
   -0.101307
   -0.465798
   -0.379497
   0.0797366
   -0.470356
  -0.0772804
  0.00430265
     0.13522
    0.500175
    0.360689
   -0.157719
    0.257332
     0.72651
     0.33399
   0.0780813
   0.0368788
    -0.46141
    0.584675
    0.350053
    0.107534
   -0.171511
   -0.124892
   0.0953455
  -0.0846842
    0.241443
     0.37076
   -0.420636
    0.190256
   -0.104913
    0.185376
     0.58981
    0.244399
  -0.0235827
    0.599483
    0.506691
    0.580287
    0.167244
    0.987805
    0.194501
    0.564943
    0.505787
     1.03588
     1.01026
    0.603085
    0.432117
    0.558195
    0.793192
    0.320929
     0.21766
     1.17602
    0.293709
     1.27038
    0.504511
     1.12726
    0.623025
    0.648233
    0.881884
     1.57464
     1.12219
     1.46636
    0.515055
    0.960748
    0.745685
    0.755892
    0.857854
      1.1627
     1.08568
    0.949607
    0.802293
    0.639522
    0.926387
     1.15222
     0.39647
    0.921461
    0.747814
    0.864644
     1.11817
    0.782783
     1.16208
    0.070689
    0.397631
    0.504577
     1.13472
    0.555833
   -0.168406
     1.10172
   0.0747442
    0.258865
    0.421313
     1.58753
    0.104953
    0.322685
    0.883131
    0.580875
    0.419555
    0.463578
    0.504018
     1.22874
   -0.502826
    0.173212
    0.940641
     1.12665
   0.0217984
    0.421689
    0.522078
    0.574048
      1.1863
    0.707199
    0.841237
    0.460707
    0.292469
     0.74141
    0.898052
     0.84773
    0.552706
    0.694328
     0.87152
   -0.254181
 -0.00475915
    0.380401
    0.679351
    0.433241
     1.01126
     1.03589
     1.23867
    0.208087
    0.834917
    0.365167
     1.21691
    0.115619
    0.537872
    0.591194
     0.37097
    0.564164
    0.802364
    0.267987
    0.791359
     1.25565
     0.27352
    0.665591
   0.0640468
    0.520814
    0.880117
    0.504085
    0.371694
    0.320615
 -0.00065339
    0.267989
     1.26388
    0.426294
    0.630178
  -0.0537863
    0.822557
     0.93958
    0.613761
    0.863914
    0.514181
     1.15849
    0.175852
    0.630027
    0.299767
    0.582264
    0.049186
     0.81808
    0.564584
    0.983149
    0.948697
     1.57673
    0.674624
    0.510813
     1.00416
    0.228967
    0.601076
     1.46284
    0.660678
     1.70468
    0.311897
     1.04399
    0.224847
    0.950309
    0.883588
    0.860253
    0.366979
    0.771218
    -0.25016
     1.14502
    0.740908
    0.614399
     1.12533
     0.53275
     1.03907
    0.707361
    0.222653
    0.607056
    0.879864
    0.287817
     0.97796
    0.453389
     0.49122
    0.468761
    0.319849
    0.321569
    0.724421
    0.578223
    0.540875
     0.18364
    0.506348
    0.297759
    0.784088
    0.277133
    0.458236
    0.322282
    0.837231
    0.171501
     1.18252
    0.349751
    0.571063
    0.740737
   -0.126868
    0.331926
    0.464982
    0.537667
    0.833845
    0.175344
    0.800323
    0.849695
    0.591284
    0.590517
    0.435942
    0.935581
    0.655581
    0.359334
    0.618967
     0.73729
    0.727736
     1.28285
    0.836728
     1.13509
    0.407103
    0.141024
     0.89389
     1.69994
     0.81435
     1.03802
    0.853764
     1.08827
    0.404617
    0.755535
    0.235652
      1.0461
    0.823672
     1.52584
    0.316787
      0.3734
    0.818301
    0.923251
     1.06167
    0.373699
     0.69609
    0.622411
     0.63006
    0.210105
    0.411527
     1.21534
   0.0897015
     1.30442
    0.994415
     1.34974
    0.514131
    0.772812
     0.84517
    0.343134
    0.620261
    0.646731
    0.281235
    0.248152
    0.925975
    0.102308
    0.938924
    0.439954
    0.834098
    0.906723
    0.489735
     1.30455
    0.617121
    0.502133
     1.27731
    0.804967
  -0.0268154
    0.027797
     0.69271
  -0.0815018
  -0.0857291
   -0.430937
   -0.905171
    0.176833
      0.2511
   -0.583957
   -0.196792
   -0.818162
    0.287132
   -0.652276
    0.440431
    0.166482
    -0.28887
   -0.270502
     0.21939
   -0.796925
    0.279101
   -0.588869
   -0.406022
   -0.304454
   -0.664059
    0.284759
    0.115989
    -1.02336
    0.169219
   -0.900941
  -0.0183868
    0.265389
    0.446436
     1.48741
     1.22113
    0.241942
    0.269872
   -0.135734
    0.325016
    0.291436
    0.465754
    0.227513
    0.924967
   -0.220126
    0.682131
   -0.430086
   -0.286087
   -0.148403
     0.34166
   -0.387668
    0.162962
    0.379102
    -0.13347
    -0.25203
    0.150142
    0.157455
   0.0633354
    0.994893
   -0.439604
    0.315123
   0.0731348
    -0.55381
    0.371228
  -0.0724757
   0.0848351
    0.257738
   -0.249199
   0.0997369
   -0.313517
   -0.732818
  -0.0808349
   -0.390426
   0.0360935
    0.437772
    0.874603
   -0.609188
    -1.06874
   0.0297092
  -0.0754149
   0.0193417
    0.887787
    0.941485
  -0.0784955
     0.10008
    0.908289
     0.12397
   -0.628669
    0.372356
   -0.421211
  -0.0765789
    0.477636
   -0.667958
    -0.28862
    0.348424
    0.137926
   -0.524747
     1.20249
 -0.00462248
   -0.649526
    0.142792
    0.290487
    -0.52642
   -0.257318
   -0.196542
   -0.393112
    0.347332
    0.559946
   -0.405362
   -0.292529
   -0.362328
    0.531667
    0.424878
    -0.36705
 -0.00272835
   0.0589992
    0.702459
  -0.0904188
  -0.0361905
   -0.342419
    0.462668
    -0.31739
   -0.110558
   0.0108492
    0.668684
    -0.10885
    0.649489
   -0.175199
    0.133218
    0.590676
   0.0821255
  -0.0180424
    0.268134
    0.519474
    -1.03559
    -1.02175
    -0.52138
     0.06014
   -0.675697
   -0.591539
    0.439284
   -0.656797
  0.00384421
   -0.530605
     1.15764
    0.510242
    0.337689
     0.11505
   -0.400424
    0.423896
   0.0871808
   0.0224839
    0.761659
    -0.45294
    -1.29774
   -0.361853
  -0.0378119
   -0.504943
    0.455198
   -0.657065
   -0.193232
   -0.377188
   -0.418813
    0.391813
  -0.0141253
    0.617468
     0.48448
  -0.0659543
   0.0859705
   0.0744294
    0.125141
   -0.824786
   -0.252025
    0.448542
    0.659468
   -0.449779
    0.154502
    -1.01719
   -0.261585
    0.275075
    0.518209
    0.277639
     0.46526
   -0.503879
   -0.430612
  -0.0830854
   -0.208533
  -0.0648353
    0.136958
    0.854876
    0.105897
    0.330384
  -0.0909582
   0.0892916
  -0.0829744
   -0.117829
  -0.0341729
   -0.391088
  0.00142062
   -0.706779
    0.051337
   -0.506075
    0.257381
   0.0713329
   -0.409496
   -0.815152
   -0.287459
   -0.279443
   -0.699911
   -0.529624
    0.609081
    0.664178
    -0.45757
   -0.395691
    0.668659
    0.239447
    0.852233
    0.136505
   -0.588102
    0.505724
    0.632079
   -0.183169
   0.0494775
    0.696301
    0.616081
   -0.831897
   -0.344271
   -0.075003
     0.37637
    0.673218
     0.25518
   -0.189956
    0.742031
    0.155988
    0.711443
   -0.895177
    0.595668
   -0.252671
   -0.220446
    0.890525
   0.0403282
   -0.147008
    0.224679
  -0.0411605
    0.187861
    0.628006
   -0.344997
    0.520535
   -0.144851
   -0.207118
   -0.443402
    -0.30331
   -0.711896
  -0.0657702
    0.429943
    0.141162
    0.440495
  -0.0820102