   -2.00236
   -2.00436
   -2.00536
   -2.01064
   -2.00642
   -2.00033
   -2.00588
   -2.00585
   -2.00517
  -0.872261
   0.393588
   -2.01094
   -2.01033
   -2.00072
   -2.00385
   -2.00623
    -2.0101
   -2.00546
   -2.00862
   -2.00086
    -2.0101
    -2.0073
   -2.00621
   -2.00763
   -2.00839
   -2.01048
   -2.00668
   -2.00525
   -2.00772
    -2.0052
    -2.0059
   -2.00644
   0.367305
  -0.394761
  -0.607226
 -0.0212718
   -0.58366
  -0.361717
    0.17235
 0.00190896
   0.127145
  -0.720847
   0.434079
  -0.573584
   0.082752
   0.504516
 -0.0572139
   0.230111
-0.00576069
   0.868256
    0.72999
   0.132826
  0.0670748
   0.219958
     0.3819
   0.152988
   0.200721
   0.504133
 -0.0141824
  -0.652188
  -0.402268
 -0.0909627
  -0.873485
  -0.302863
  -0.284492
    0.25478
   0.225704
   0.427526
   0.388007
   0.293223
   0.420682
   0.389088
   0.222377
    0.28105
 -0.0750855
  -0.299172
   0.168956
   0.242064
     0.6606
   0.512666
   0.334394
  -0.520181
   0.258175
   0.106392
    0.26943
 0.00145216
  -0.306066
   0.541292
  0.0197214
  0.0886314
  -0.377543
 0.00853813
  -0.637036
    0.12233
  -0.700029
  -0.634831
  -0.676849
     0.3047
    0.28892
   0.300753
  -0.303783
   0.353195
   0.261437
   0.410544
  -0.274619
   0.453508
  -0.275824
  0.0326545
   0.358596
  0.0820517
   0.509124
  0.0461285
   0.500438
  -0.257691
   0.355804
-0.00820074
   0.411808
 -0.0839253
  -0.040978
-0.00261817
  -0.295732
  -0.227516
   0.199639
 -0.0693564
   0.218598
 -0.0943654
  -0.287959
   -2.01012
   0.270398
   0.242961
   0.205919
   0.287395
 -0.0841116
  0.0859353
   0.437886
   0.164906
   0.141524
   0.211277
   0.421158
    0.30963
  -0.078857
   0.289964
  -0.179053
  0.0257387
   0.290723
   0.289996
   0.109926
   0.179264
   0.423776
   0.179182
   0.175604
   0.262872
   0.180881
   0.295302
 -0.0165357
   0.125652
  0.0389615
  -0.184872
   0.230426
   0.334514
   0.396743
    0.61229
   0.379642
   0.260198
 -0.0156829
  -0.253333
  0.0902168
   0.196164
   0.319054
   0.515731
   0.322575
   0.265816
  -0.216485
   0.475187
 -0.0425394
   0.227135
 0.00305891
    0.24658
   0.331206
   0.339801
   0.045201
    0.20948
-0.00698913
 -0.0344023
   0.316184
  0.0600778
   0.241727
   0.201097
   0.259344
  -0.136477
   0.200271
   0.383171
   -2.01092
   -2.00666
 -0.0857159
  -0.600314
  -0.900712
  -0.656841
  -0.495508
  -0.625524
  -0.313367
  -0.532125
   -0.31063
  -0.744422
  -0.943579
  -0.300573
 -0.0309872
  -0.264594
  0.0364097
  -0.385227
  -0.393073
   -0.40208
  -0.136481
  -0.284558
  -0.326228
  -0.413244
   0.356381
  0.0983012
  -0.235922
  -0.365738
  -0.097794
   -2.00417
  -0.480389
   -2.00876
  -0.293257
  -0.296078
  -0.567591
   0.164766
   0.120157
   0.214453
   0.080785
 -0.0490417
  -0.172447
  -0.105574
  -0.358611
  -0.201958
  -0.307519
  -0.333582
   -2.00466
  -0.140358
  -0.109817
   -1.99892
   -2.00878
   -2.00617
   -2.00943
   -2.00723
   -2.00827
   -2.00589
   -2.00184
   -2.00903
   -2.00574
   -2.00369
   -2.00678
   -2.00405
   -2.01325
   -2.00254