   -0.356363
   -0.208373
   -0.457583
   -0.269161
   -0.252739
  -0.0661225
  -0.0355019
   -0.186904
   -0.409636
   -0.195712
    0.139168
   -0.257367
   -0.239162
    0.200114
    0.272463
   -0.212002
   0.0192968
  0.00833504
   0.0407324
   -0.148463
 -0.00369275
 -0.00617927
    0.447231
    0.301638
   0.0300976
    0.306617
    -0.30813
   -0.543147
   -0.199207
   -0.261262
    0.327493
   0.0482515
   0.0857168
   -0.429653
   -0.156714
   -0.527341
   -0.223018
   -0.110004
   0.0440089
    0.163292
   -0.111571
    0.144443
   -0.420391
   -0.402969
   -0.521549
   -0.363067
 -0.00927894
   -0.443794
   -0.382708
  -0.0932117
    0.209895
   0.0674679
    -1.24555
 -0.00620995
   -0.238795
   -0.205197
   -0.261683
   -0.574927
   -0.113877
   -0.357589
   -0.068765
    0.323959
   -0.341656
    -0.40944
    0.158558
  -0.0131665
    0.141749
   -0.234462
   -0.320723
    0.329125
   -0.116333
  -0.0794411
    0.598844
    -0.33755
    0.115588
   -0.456666
    0.108578
    0.585176
  -0.0486771
    0.262067
    0.219909
     -0.2886
     0.11332
    0.375003
   -0.217228
   0.0581544
   -0.615067
  -0.0708312
  -0.0667518
   -0.191167
   -0.389795
  -0.0735519
   -0.239932
   -0.497189
   -0.224591
  -0.0190656
   -0.306363
 -0.00979126
    0.128291
    -0.46765
   0.0851686
  -0.0117718
  -0.0430031
      -0.253
   -0.472313
   -0.148199
     -0.0322
   0.0805974
    -0.29388
   0.0708227
    0.185808
   -0.028695
  -0.0433272
   -0.198893
   -0.164094
   -0.428844
   -0.197498
   0.0692491
   -0.121707
   0.0907571
   -0.217492
   -0.132909
    0.297457
    0.104075
    0.190935
  -0.0867164
    0.389816
   -0.389047
   -0.134111
    0.314165
   -0.346231
    0.325172
    -0.62286
   -0.350516
  0.00786793
    0.136106
    0.209547
   0.0186093
  -0.0416004
   0.0494343
   -0.359795
    -0.28067
  -0.0363264
   -0.334692
   -0.159519
   -0.782396
   -0.125516
     0.44388
    0.294723
   -0.345048
   -0.099476
   -0.199999
    0.199901
    0.223816
   0.0553184
    0.166804
   -0.289953
   0.0227982
  -0.0669868
    0.125869
    0.055964
   -0.728374
  -0.0231472
   0.0282469
   -0.185386
    -0.11916
    0.141264
    0.244312
   -0.140357
   -0.481334
   -0.125026
   -0.406644
   -0.400661
   -0.464658
    0.121102
    0.284311
   -0.512557
   -0.038606
 -0.00874421
   -0.291258
    0.199679
    -1.25253
    0.221204
   -0.116996
 -0.00609594
  -0.0593604
   -0.444072
-0.000619824
     1.10269
   -0.246146
   -0.091091
    0.308315
   -0.252981
    0.135843
 -0.00188153
    0.228265
    0.318743
   -0.307412
    0.105278
   -0.132264
    -1.34862
   -0.652702
    0.201969
    0.264792
    0.387547
   -0.028555
   -0.305096
   0.0839075
  -0.0289426
   0.0207157
    0.183594
   -0.476659
   -0.229107
    0.234373
   -0.175473
   0.0502499
  -0.0283135
   -0.153101
   -0.169954
   -0.265819
    0.228082
   -0.479355
  -0.0957564
    0.647907
    0.318739
   0.0462179
   -0.268196
   -0.414749
   -0.664421
    0.119518
  -0.0231747
    -0.99148
   -0.522271
   -0.177802
   -0.332357
    -0.29655
  -0.0179309
    0.446445
    0.259604
   -0.134403
  -0.0478374
  -0.0548053
  -0.0129654
    0.269398
    0.198795
    0.983263
   -0.299151
   -0.201815
     0.12559
    0.227848
    0.386332
     0.47183
   0.0315935
    -0.29999
   -0.291653
   -0.320537
   0.0119857
   -0.498901
   -0.353671
   -0.329292
   -0.290831
    0.219287
   -0.244453
  -0.0592329
  -0.0593655
   -0.440077
   0.0177068
     0.31108
   -0.170215
   0.0426851
    0.439312
  -0.0473614
    -0.35756
   -0.461897
   -0.256236
 -0.00438463
    0.270259
   -0.105991
   -0.125342
   -0.425094
   -0.176489
    0.158322
   -0.329326
    -0.32631
     0.26984
   -0.188278
   -0.681184
    0.409625
   -0.276799
    -0.30934
  -0.0425971
    0.135805
    0.179172
   0.0604466
    -0.53374
    0.197703
  0.00758287
   -0.118783
   -0.601667
    0.260651
   -0.529109
  -0.0965689
   -0.486503
   -0.230929
   -0.147721
    0.272849
   -0.332509
     0.80659
   -0.499508
    0.304488
   -0.400503
  -0.0681092
   -0.460658
    -0.58443
  -0.0902088
  -0.0963269
     -0.2746
  -0.0701208
    0.130009
    0.251502
    0.316744
    0.173773
   -0.074654
   -0.564374
    0.410132
    0.367584
   -0.158192
  -0.0505948
   -0.288559
   -0.036474
  -0.0804047
   -0.988194
  0.00593271
   -0.165204
      -0.627
    0.121967
    0.289946
  -0.0806105
  -0.0603778
    -1.50015
   -0.137073
   -0.666711
  -0.0634363
   -0.434109
    0.240759
   -0.183792
    0.430511
    -1.79926
    0.337713
   -0.121517
  -0.0723253
  0.00141364
   -0.358026
    0.351218
      0.3494
   -0.945936
    -1.00122
   -0.140782
   -0.131919
   -0.454071
   0.0128088
   0.0970768
    0.269078
   0.0351094
   -0.399982
    0.345491
    -0.18023
 -0.00632512
   -0.215654
      0.3165
   0.0871516
   0.0140433
   -0.861742
     -0.1646
    0.556462
    0.727163
   -0.453919
    0.442264
  -0.0176202
     0.60987
   -0.233023
    0.259627
   -0.428551
    0.061308
  -0.0631227
  -0.0264457
 -0.00870444
  -0.0682301
     0.27049
   -0.268587
  -0.0764777
   -0.174204
    0.401701
   -0.268171
     0.43383
   -0.441457
 0.000279622
   -0.377489
    0.727684
   -0.361715
   -0.146696
   0.0562327
     1.13658
   -0.576553
   -0.704383
   -0.238505
    0.554226
   -0.226424
    0.146657
     0.20588
   -0.128693
   -0.202664
     -0.2104
   -0.336372
   -0.397728
  -0.0617028
    0.115886
    0.195473
   -0.194016
  -0.0702565
     0.16892
   -0.410632
   -0.330216
   -0.322976
   -0.450224
   -0.273959
    0.351303
  -0.0533848
   -0.199765
   -0.424471
   -0.503674
   0.0185219
    0.538701
   -0.109272
  -0.0203012
      0.2953
    -0.54459
   -0.483508
   -0.152564
  -0.0553607
   -0.112079
    0.488625
    0.578153
 -0.00537669
    0.384907
 -0.00870866
    0.656827
   -0.167901
      -0.518
  -0.0611613
   -0.390101
   0.0586017
    0.304325
   -0.223087
   -0.214555
   -0.367558
   -0.370713
  -0.0883562
    0.484929
   -0.199699
   0.0414954
   -0.203446
   0.0124404
   -0.108323
   -0.509735
   -0.308903
    0.710629
   0.0119594
    0.363654
    0.249221
   0.0260756
   0.0298959
    0.117669
   -0.479738
    -1.01122
  -0.0619351
   -0.675481
  -0.0352607
   0.0424232
   0.0882582
   -0.361535
 0.000258463
  -0.0678965
   -0.136508
   -0.173232
   0.0215631
   -0.448952
   -0.636818
    0.295532
   -0.203662
   -0.184138
   -0.469822
    -0.16948
    0.403848
   -0.227931
   -0.329723
  -0.0822863
   -0.304111
    -1.26275
     -0.4032
    0.147675
   -0.136046
   -0.279885
   -0.101252
   -0.501552
     -0.1139
    0.194544
   -0.132102
  -0.0692381
  -0.0214067
    0.112399
   -0.154824
   -0.631834
   0.0973112
   -0.553851
    0.298702
   -0.064725
    0.031137
   0.0287162
    0.201785
   -0.594517
  0.00500379
    0.476199
    0.289411
    0.153109
    0.732658
   0.0510133
    -0.91234
   -0.371603
  -0.0502563
    0.409639
    -0.35806
    0.228626
   -0.214998
   -0.155762
   -0.196313
   -0.207858
    0.322581
   -0.283426
   -0.316588
   -0.240092
    0.298348
   -0.409335
   -0.164502
    0.371593
   0.0309633
   -0.428449
   -0.539758
   -0.629655
   -0.015544
   -0.160334
   -0.249744
   -0.328633
   -0.266433
   -0.155249
     0.36277
   -0.156087
   -0.673959
    0.165689
   -0.530503
  0.00195772
   0.0477242
   -0.168322
    0.238482
     0.15919
   -0.200149
   -0.320348
   -0.100288
   -0.241276
   -0.246643
 -0.00923741
   -0.184732
    0.760601
   -0.444127
    0.122576
     1.16473
   0.0630471
     1.20446
    0.297808
    0.398578
    0.018179
   -0.564315
  -0.0210539
    0.622014
   -0.460168
  -0.0635638
   -0.694992
   -0.212514
   0.0384997
  -0.0692325
   -0.286763
    0.272106
   -0.256582
   -0.424186
   -0.331862
    -0.10256
   -0.240349
   -0.346299
   0.0795592
   -0.347225
    0.264967
   -0.443743
    -0.11791
    -0.06459
  -0.0262581
    -0.20257
   0.0244137
    0.269855
   -0.341604
    0.166381
    0.448563
    0.102224
  -0.0759662
   -0.326397
  -0.0575063
   -0.311802
  -0.0783194
     1.10915
   -0.103328
    0.438613
   -0.148562
    0.165496
    0.492044
    0.112588
    0.284384
   0.0488476
  -0.0558582
   -0.204568
     0.14361
   0.0477637
    -0.09716
   -0.186428
   -0.557388
   -0.504456
   -0.103156
  -0.0609492
    0.288978
  -0.0787725
    0.221532
    0.187061
   0.0382074
   -0.563026
    0.305059
    -0.63104
   0.0693717
   -0.105675
   -0.526743
    0.569162
  0.00548915
    0.331517
    0.043354
   -0.335059
   -0.187558
   0.0371557
  -0.0442358
  -0.0797773
   -0.332112
  -0.0803261
   -0.227712
    0.147597
   -0.184017
   -0.697995
  -0.0635906
  -0.0608302
   -0.164143
   -0.164917
  -0.0618686
    0.368032
    0.257377
   -0.245946
    -0.37724
   -0.113608
    -0.47332
   -0.466678
   -0.241809
   -0.128937
    -0.11677
   0.0667485
   -0.296271
   0.0355833
   0.0482109
    0.463268
    0.498293
   -0.388941
  -0.0884327
   -0.205279
  -0.0257995
   -0.200334
     1.14728
   -0.117622
   -0.378564
     0.50113
   -0.206132
   -0.214876
    0.104096
    0.107349
    0.114977
   -0.241595
    0.197435
    -0.41547
    0.832768
  -0.0330759
   -0.369431
    0.390632
    0.171974
   -0.115976
   -0.333669
    0.239606
   0.0193198
    0.387704
  -0.0422157
   -0.300291
   -0.312175
    0.404711
   -0.173935
  -0.0399762
   0.0745934
  -0.0887225
  -0.0172618
   -0.521447
  -0.0283562
   -0.172399
   -0.855411
    0.138499
    0.180767
   0.0879653
   -0.125934
   -0.368361
   -0.369479
    0.233657
    0.401845
  -0.0208078
   -0.231085
    0.343231
  0.00236228
   -0.108965
   0.0347118
     0.31308
    0.398207
    0.161723
   0.0705193
   -0.136346
   -0.278881
    0.204978
    0.360989
    0.853068
   -0.455272
   -0.517349
  -0.0994121
    0.483236
    0.275855
    0.147061
   0.0867406
   -0.489002
   0.0745797
   -0.284263
   0.0299235
    -0.33305
   -0.251052
   -0.575413
   0.0341282
    0.127328
   -0.506495
   0.0839416
   -0.381988
   -0.471092
     0.27195
    0.282234
   -0.311319
   0.0392906
    0.127195
   0.0549819
    0.111539
    0.306194
    0.223563
   -0.188924
   0.0791865
   -0.115938
    0.080529
   -0.120348
  -0.0423133
  -0.0686428
    0.167196
    0.156836
   0.0842618
  -0.0119403
   -0.350975
   0.0774459
   -0.613728
   -0.313435
   -0.128131
    0.558484
    0.152429
    0.242067
   -0.192794
   -0.334732
    0.281649
    0.123974
   -0.450434
    0.203726
   -0.504744
   0.0675844
    0.166488
   0.0803618
    0.113773
    0.444283
   -0.265544
    0.953824
   -0.155494
    0.898664
   -0.456451
  -0.0812715
   -0.280031
   -0.536884
    0.802396
 -0.00341965
  -0.0856176
     0.13774
   -0.170721
   -0.174273
   -0.186818
    0.471151
   -0.190775
  -0.0930855
    0.356607
    0.175922
    0.326685
     1.83593
  -0.0457559
   -0.228571
  0.00498425
    0.622506
    0.268346
    -0.27349
   -0.251388
   0.0954076
   0.0542889
   -0.310919
    0.335498
   -0.192719
    0.333922
    0.306005
   -0.172209
   -0.479015
    0.092286
   -0.472873
    0.482693
    0.316919
   0.0721926
   -0.401158
   -0.184075
    -0.19859
    0.123086
   -0.195407
    0.285799
   -0.799202
   -0.675906
  -0.0694133
   -0.453328
    0.293955
    0.080405
    -0.28393
    0.281032
   -0.309319
   -0.271256
    0.232028
  -0.0822916
   -0.199881
   -0.213021
  -0.0608665
   -0.133769
  -0.0410176
  -0.0836624
     0.35534
       0.301
    0.534318
   -0.413337
     0.16782
     0.16746
   0.0299807
   -0.226534
    0.383817
    0.267123
   -0.159219
    0.330642
    0.135466
   -0.440486
    0.349572
    0.308634
   -0.125455
   -0.482809
   -0.111896
    0.778926
   -0.461026
    0.349584
   -0.131231
   -0.226987
   -0.367586
     0.95318
  -0.0766525
    0.442879
    0.305471
     1.20503
   -0.749561
    0.106004
    -0.73105
     0.76965
   -0.220082
    0.163718
    0.538596
     0.30243
  -0.0445684
  -0.0758784
  -0.0645421
  -0.0499136
   0.0349885
    0.118235
     0.10233
  -0.0676866
   0.0600916
      0.1148
   0.0295084
    0.219465
   -0.192503
   -0.422432
   -0.532271
      0.5111
    0.407289
   0.0255569
   -0.298734
   0.0268332
    0.317674
     -0.1071
    0.477861
  -0.0385674
    0.345147
   -0.286432
    0.438682
   -0.161837
  -0.0472129
   -0.562141
  0.00526416
    0.724406
    0.310991
    0.397979
   -0.440045
    0.916309
    0.339608
  -0.0740944
   0.0767051
     0.26452
   -0.293362
   0.0692087
   -0.162664
  -0.0748465
   -0.292746
    -0.30422
    0.233608
    0.719328
  -0.0491027
   0.0168995
    0.220266
  0.00638538
   0.0251625
   0.0106204
   -0.177209
   0.0974097
   -0.410177
    0.538356
    0.362917
   -0.218475
    0.332423
    0.184098
   -0.340286
   -0.259557
   -0.147346
   -0.787786
   -0.170232
    -0.26192
     0.31365
   -0.406091
    -1.05446
 -0.00633673
   -0.522825
   -0.325783
   -0.359843
   0.0188109
   -0.238485
    0.617968
    0.148102
  -0.0940887
   -0.359126
    0.274855
  0.00301514
   -0.121756
   -0.328435
  -0.0297132
  -0.0793146
    0.384994
   0.0595344
    0.839499
    0.134147
    0.289048
    0.453377
    0.294283
    0.642446
    0.551977
     0.34374
    0.392725
    0.360337
    0.159175
    0.101322
    0.436821
    0.267794
    0.496701
    0.422814
    0.199429
    0.710439
    0.280423
     0.34023
    0.568129
    0.297629
    0.253284
    0.248438
    0.624689
    0.640007
    0.803124
  -0.0956077
  -0.0359462
    0.251644
     1.22906
  0.00439459
    0.397538
    0.503142
   0.0605852
    0.606415
    0.866922
    0.369445
   -0.153913
     0.20401
    0.430418
    0.558699
    0.402265
   -0.051091
    0.659697
    0.247613
    0.346196
  -0.0194863
   -0.184051
  -0.0729638
    0.533244
    0.556858
    0.874868
    0.393531
    0.711393
    0.835457
     0.56191
     0.52385
    0.732352
     0.46201
    0.425207
    0.428034
    0.811265
    0.129924
    0.556576
    0.359543
    0.380139
    0.520979
    0.778016
    0.509232
    0.530393
    0.330945
     1.10995
    0.565399
    0.743158
     1.44362
     1.34534
     1.13957
    0.211384
    0.505995
    0.475075
    0.554767
    0.566153
    0.203236
    0.128173
    0.184171
    0.673005
    0.718186
    0.604915
    0.480251
    0.635538
    0.648582
    0.414295
    0.253092
    0.267711
    0.416762
    0.129394
    0.657391
     0.47597
  -0.0770519
    0.767446
    0.134829
    0.448147
    0.140445
    0.181138
    0.305767
    0.431241
    0.800821
    0.517218
    0.791805
     0.12309
    0.274409
    0.677966
    0.685712
    0.282037
    0.368128
    0.236291
    0.850515
    0.432909
    0.509448
    0.453495
    0.329065
    0.549518
    0.776339
    0.863184
    0.979697
    0.371133
     1.03368
    0.896944
    0.565068
    0.639614
    0.232926
   -0.011696
    0.240174
    0.573804
     0.49525
    0.252837
    0.972778
    0.487007
    0.318371
    0.234908
   -0.133202
    0.892311
    0.597721
    0.816687
    0.279016
    0.610022
     1.30896
    0.568732
    0.437847
    0.610447
   -0.165243
    0.569021
    0.287882
    0.449583
    0.636051
    0.167402
    0.150556
    0.237554
    0.877639
    0.580156
    0.531332
      0.5068
    0.346771
    0.468192
     0.37613
    0.675827
      1.5108
    0.635141
    0.638392
    0.499981
    0.528671
    0.529651
    0.297701
    0.840162
    0.383249
    0.428447
    0.571813
      1.0365
    0.350086
    0.310626
     1.13001
    0.703437
    0.408824
    0.238815
    0.528643
    0.670733
    0.377092
     1.79178
  -0.0179768
     0.46961
    0.989315
     0.42265
    0.644235
    0.437643
   0.0548957
    0.251133
    0.189149
   -0.202638
    0.661619
     1.20613
    0.481661
     0.38766
    0.685654
    0.471667
    0.394378
    0.218352
    0.658246
    0.178782
    0.595852
    0.411508
     0.37643
    0.125973
    0.803162
     0.20156
    0.446439
    0.862311
    0.367471
    0.846006
    0.133301
    0.324598
    0.714893
    0.279216
    0.785712
    0.537154
    0.330519
    0.758456
    0.447643
   0.0931368
     1.24009
    0.798928
    0.442158
    0.308102
    0.206701
    0.583531
    0.209709
    0.346582
    0.365022
    0.769359
    0.329076
    0.222231
    0.696745
    0.703641
    0.390557
    0.501908
     1.15905
      0.3486
   0.0197321
   0.0823776
     1.31081
     0.40524
    0.254589
   0.0606684
    0.173174
    0.515285
    0.580441
    0.225953
    0.859422
   -0.229725
    0.399277
    0.566678
    0.489489
    0.438235
    0.470383
    0.284856
    0.521915
    0.828541
    0.626944
    0.505597
    0.279524
    0.532802
   -0.106194
    0.258652
    0.293673
    0.594205
    0.496804
    0.377593
    0.482897
    0.748472
    0.502493
    0.858111
    0.618428
    0.853974
    0.501966
    0.613563
    0.457668
     0.24815
    0.604197
    0.632499
    0.310692
    0.576285
     0.70007
     0.21254
    0.732385
    0.407214
    0.406469
    0.369701
    0.801283
    0.413775
    0.762874
    0.434287
    0.433809
   0.0747143
 -0.00568639
    0.243279
    0.775331
    0.330435
      1.5041
    0.726371
    0.267886
    0.821864
    0.195699
    0.692908
    0.454225
    0.167331
   -0.250287
    0.191261
  -0.0964301
    0.848287
    0.717892
    0.320054
     0.53884
  -0.0030013
  -0.0764374
     1.07979
    0.977649
    0.413482
     1.88495
    0.367799
   0.0628242
    0.470371
   -0.100296
     0.67763
    0.766153
    0.213312
    0.261917
   0.0582567
   0.0796043
    0.574013
    -1.14726
    0.708765
    0.929416
    0.501184
    0.508421
    0.188451
    0.395967
     0.44527
     1.49579
     0.82256
    0.221801
    0.326345
    0.578995
    0.677663
    0.294586
    0.503875
    0.659956
    0.643503
     1.13171
    0.270979
    0.228375
   0.0297199
    0.106157
    0.428677
    0.714199
   -0.153774
    0.329971
    0.443349
    0.668502
     0.17503
    0.474513
    0.344816
    0.387533
    0.997973
    0.775008
    0.481634
    0.559411
    0.663155
    0.411558
    0.418101
    0.252833
    0.524967
    0.736957
    0.957312
    0.244822
    0.477253
    0.788345
    0.473855
    0.787628
    0.703418
    0.637116
   0.0418517
    0.526142
      1.6559
    0.444326
    0.202404
     0.75365
    0.368754
    0.408301
    0.899072
     -0.4274
    0.120186
    0.440233
     1.20824
    0.553645
   0.0891311
    0.170054
     1.01974
      0.4458
  -0.0949522
    0.953923
    0.339094
    0.462349
    0.417729
    0.318749
    0.480289
     0.48522
    0.638345
    0.334969
    0.676706
    0.393947
    0.255145
     0.30603
    0.313763
    0.331647
    0.668513
    0.157559
      1.1778
    0.434099
    0.448756
    0.923078
    0.788625
    0.262947
    0.911472
    0.485355
    0.673991
    0.604439
    0.330957
    0.903228
    0.143233
    0.219787
    0.272807
    0.184051
    0.991789
    0.420376
    0.719787
    0.151787
    0.882681
    0.440639
    0.726732
    0.160673
    0.940793
    0.277164
    0.126163
    0.547872
  -0.0885273
    0.614388
    0.509409
    0.619883
    0.892308
    0.816508
  -0.0904658
    0.485931
    0.722095
     0.32306
    -0.29571
   0.0918432
     1.15455
    0.482933
    0.243171
    0.247612
    0.467554
    0.294825
    0.815767
    0.119286
     0.55419
    0.339661
    0.414872
     0.36059
    0.458285
    0.461584
     0.48159
    0.792574
    0.407083
    0.439902
    0.289787
   -0.126164
   -0.284739
    0.655906
    0.180442
    0.770724
    0.562268
    0.439357
    0.571136
    0.892628
    0.261432
    0.612186
    0.465185
    0.685223
    0.886534
    0.709904
    0.278654
   -0.351577
   -0.134723
   -0.148839
   -0.413273
   -0.302898
    0.114108
   -0.447074
    0.183907
    0.498972
  -0.0214038
   -0.244422
    0.401837
    0.773701
    0.340412
   -0.263441
    0.319291
   -0.320374
    0.351098
   0.0797685
    0.210507
   0.0221345
    0.320808
   -0.133846
   -0.358167
   -0.775237
  -0.0618706
   -0.121716
    0.469997
    0.687745
    0.805717
    0.274009
    -0.22415
   -0.333599
    0.139896
  -0.0303907
    0.398112
   -0.128198
    0.161612
   -0.378516
    0.276444
    0.269052
    0.275858
    0.238271
   -0.205844
   0.0745609
    0.187799
 -0.00757239
   -0.135554
   -0.333033
   -0.392414
    0.330299
    0.530355
     0.01883
 -0.00689291
    0.305681
  -0.0678503
    0.435921
   -0.402466
   -0.126205
    0.206435
   -0.563491
   -0.315722
    0.115705
   -0.388451
  -0.0749915
  -0.0322831
  -0.0154951
   -0.212012
   0.0386568
    -0.48697
  -0.0018823
    0.313123
  -0.0781262
    0.355616
    0.739094
   -0.445015
     -1.0615
    0.199125
     -0.1691
   0.0969447
   -0.237242
    0.154874
   -0.875231
    0.466076
   -0.501092
   -0.135364
   -0.406576
    0.065633
    0.410238
    0.109045
    0.231857
    0.579056
   -0.476286
   -0.282692
    0.178603
    0.301099
  -0.0899881
   -0.614603
    0.653795
   0.0638179
    0.202015
   0.0616747
        0.33
   -0.710477
 -0.00262528
    0.567386
     1.18995
    0.180401
    0.237503
    0.542962
    0.269384
    0.289993
  -0.0302722
   -0.292054
  -0.0976872
   -0.211028
    0.659486
  -0.0731329
    -0.84053
   -0.242861
    0.552889
   -0.952905
   -0.651498
    0.442171
    0.107546
   0.0229027
   0.0422508
     0.40126
   -0.132108
   -0.291514
   -0.239202
   0.0420366
    -0.58472
   -0.540238
    0.133254
    0.271577
   -0.346557
   0.0717002
   -0.456767
   0.0640404
   0.0199307
    -0.23033
   -0.220881
   0.0814825
   -0.195088
  -0.0171346
   -0.820692
   -0.369049
    0.293361
   -0.156066
    0.429805
   -0.372033
    0.546382
    0.244688
    0.248082
  -0.0360954
    0.335108
    0.294557
   -0.890358
  -0.0758857
   0.0343342
    0.875204
    0.117856
   -0.553379
    0.161814
   -0.164291
   0.0517698
   0.0219415
    0.153762
    0.344273
    -0.49508
   -0.103259
  -0.0833414
    -0.36174
   -0.220967
  -0.0985855
    0.248282
   -0.591947
   0.0924987
   -0.812638
   -0.267824
    -1.10609
    0.221338
  -0.0312018
   -0.226547
   0.0516099
    0.213242
   -0.966975
   -0.102073
   0.0870913
   -0.738903
   -0.257644
   -0.118358
   -0.177637
   -0.195058
    0.171057
    0.665069
  -0.0963316
   -0.379094
  -0.0346649
    0.679668
    0.131933
    0.288891
   -0.260442
  -0.0851704
  -0.0885408
    0.522107
   0.0449457
   -0.537685
   0.0040988
    0.418559
   -0.476841
    0.525564
    0.226993
   -0.291102
   -0.479029
  -0.0426083
    0.680615
    0.377096
    0.215088
   -0.261191
   -0.254114
   -0.271647
   0.0681905
  -0.0402464
    0.034829
    0.412459
   0.0138259
   0.0389928
  -0.0403522
    0.260846
   -0.307201
   -0.513279
    0.360694
     0.10168
    0.210338
    0.309436
    0.776989
    0.415745
   -0.181462
    0.469858
     0.16681
   -0.772545
   -0.345507
    0.843676
  -0.0992037
    0.296232
  -0.0682433
     1.03451
    0.530272
  -0.0107714
   -0.579912
    -0.28553
   -0.831351
   -0.169968
   -0.441032
    -0.19099
    0.294374
   0.0708383
   -0.257205
   -0.506164
   -0.328029
   0.0316916
   -0.494584
    0.016825
    0.388418
   -0.435815
     0.78474
    0.150034
    0.533334
   -0.468479
    0.121487
   -0.038955
    0.210486
   -0.117435
   -0.313622
    0.457811
   -0.342284
     0.30098
   -0.647089
   -0.243379
    0.200981
    0.184267
   -0.727971
    0.627661
   0.0832023
    0.377234
    0.109106
    -0.26944
    0.232983
   -0.781565
   0.0780638
    0.781674
   -0.119937
   -0.278378
   -0.313106
  -0.0783877
   -0.157423
    0.253756
  -0.0583162
    0.846316
    0.305509
  -0.0818051
   -0.408989
   -0.478429
   -0.355379
     0.30514
    0.129722
    0.908997
  -0.0382229
    0.493126
    0.729706
    -0.18112
   -0.150117
   0.0197955
    0.281611
   -0.415262
    0.477995
   -0.339109
   -0.161865
  -0.0616222
    0.221285
    0.136585
   -0.482332
   -0.420857
   -0.378425
    0.947497
    0.393679
    0.176014
   -0.177391
     1.02043
    0.731047
   -0.304339
  0.00869436
   -0.361606
   0.0670063
  -0.0811491
    0.213942
    0.625704
   -0.222716
    0.247092
   -0.200658
    -0.06343
   -0.197973
   -0.134266
    -0.39306
   -0.271882
    0.142481
   -0.561479
     0.20451
     0.62188
    0.459363
    0.122699
   -0.793751
   0.0504486
    0.169842
    -0.18804
   0.0534093
   -0.600402
   -0.116601
  -0.0959171
   -0.526172
    0.241195
   -0.141344
    0.797006
     0.21994
    0.361695
   0.0938935
    0.129704
   -0.785064
   -0.766363
    0.423391
     0.53438
    -0.15367
   -0.430576
   -0.217053
   -0.714912
  0.00308035
   -0.221443
   0.0790605
    0.270838
   -0.225989
    -0.29554
     0.52397
    0.322443
   -0.144481
   -0.699136
   -0.863444
   -0.512556
   -0.186133
    0.015584
        1.06
    0.284685
    0.401218
    0.575478
    -0.26481
    0.104056
    0.803817
   0.0483172
  -0.0979676
   0.0387874
    -1.28211
  -0.0587837
    0.383633
   -0.159115
   -0.764855
    0.405468
    0.295478
   -0.726573
   -0.702989
    0.205387
  0.00386233
   -0.249123
   -0.229594
   -0.316631
   -0.394613
    0.470053
    0.315389
    0.120922
  -0.0251383
    0.242351
   -0.184381
  -0.0910316
   0.0647958
   0.0767916
    -1.18296
   -0.361012
    0.272332
    0.344607
    0.270096
   -0.121847
   -0.702485
   -0.220957
   -0.102186
 -0.00697509
    0.179233
     1.13594
   -0.289169
   -0.317484
    0.162199
    -0.57285
   -0.482529
   -0.741737
   0.0243291
  -0.0686236
    -1.24897
    0.254946
    0.173556
  0.00292981
   -0.703639
    0.139698
   -0.344145
   -0.269975
   -0.425057
   0.0554077
    -0.21758
  -0.0704126
    0.571652
     0.52133
  -0.0894774
   -0.394756
   -0.221347
    0.126387
   -0.148361
    0.798443
   -0.784951
   -0.123391
    0.511518
    0.316374
    0.324063
    0.477898
    0.585844
   -0.219783
  -0.0303422
    0.418603
   0.0207966
   -0.653562
    0.245131
 -0.00177265
     0.11926
   -0.618745
    -0.56125
   -0.282464
  -0.0972154
    0.130755
    0.633704
   0.0961388
   -0.298383
   -0.125404
     1.33644
    0.594817
    0.402185
    0.429085
   0.0991798
   -0.194186
  -0.0328041
    0.295308
   -0.638201
   -0.796314