      0    1800 1.85086 1.93965 383.062
      1 1800.02 1.82007 1.89683 383.146
      2    1800 1.80219 1.87542 384.572
      3 1800.02 1.78999 1.85682 382.639
      4 1800.01 1.77962 1.84843 382.561
      5 1800.01 1.77256 1.84038 364.521
      6 1800.01 1.76624 1.83283 383.258
      7 1800.01 1.76126 1.82502 382.188
      8 1800.01 1.75719 1.81682 383.041
      9 1800.01 1.75291  1.8159 383.467
     10 1800.01 1.74968 1.81737 383.922
     11 1800.01 1.74542 1.81233 382.219
     12    1800 1.74191 1.81234 383.006
     13 1800.01 1.73953 1.80817 381.957
     14 1800.01 1.73655 1.81342 382.821
     15    1800 1.73307 1.80742 383.206
     16 1800.02 1.73011 1.80452 370.753
     17 1800.01 1.72664 1.80357 381.733
     18 1800.02 1.72455 1.80287 382.877
     19    1800 1.72309 1.79992 383.167
     20 1800.02 1.72148 1.79971 323.762
     21 1800.01 1.71981 1.79827 382.186
     22    1800 1.71819 1.79706 381.466
     23 1800.01 1.71669 1.79526 382.839
     24 1800.01 1.71564 1.79235 382.666
     25 1800.02 1.71362 1.79396 368.517
     26 1800.02 1.71171 1.79116 379.239
     27 1800.01 1.71041 1.78894 384.355
     28 1800.02 1.70926  1.7922 383.484
     29 1800.02 1.70777 1.78258  382.77
     30 1800.02 1.70625 1.78693 360.615
     31 1800.01 1.70432 1.78453 382.947
     32    1800 1.70246 1.78249 380.011
     33 1800.01  1.7001 1.78442 382.927
     34 1800.02 1.69835 1.78236 369.645
     35 1800.02 1.69742 1.78278 383.779
     36 1800.02 1.69614 1.78028 383.099
     37    1800 1.69513 1.78155 382.753
     38 1800.01 1.69401 1.78173 370.064
     39 1800.01 1.69283 1.78256 382.923
     40 1800.02 1.69144 1.78396 382.868
     41 1800.01 1.69002 1.78063 364.569
     42 1800.01 1.68923 1.77885 370.313
     43 1800.02 1.68786   1.776 381.777
     44 1800.01 1.68626 1.77987 380.892
     45    1800 1.68499  1.7732 382.526
     46 1800.02 1.68311 1.77966 383.931
     47 1800.01 1.68158 1.77463 383.642
     48 1800.02 1.68059 1.77388 383.475
     49 1800.01 1.67935  1.7724 382.633
     50    1800 1.67817 1.77266 370.292
     51 1800.01 1.67683 1.77054 383.269
     52 1800.01 1.67496 1.77234  381.78
     53 1800.02 1.67397 1.77289 382.761
     54 1800.02 1.67286 1.77202 370.436
     55 1800.01 1.67192 1.77535 373.151
     56 1800.02 1.67078 1.76925 382.677
     57 1800.01 1.66954 1.77386 383.063
     58 1800.01 1.66853 1.77079 384.204
     59 1800.01 1.66745 1.76987 382.991
     60 1800.01 1.66622 1.77391 382.837
     61 1800.02 1.66512 1.76846 383.175
     62 1800.01 1.66435 1.77112 383.029
     63    1800  1.6635 1.77065 383.134
     64 1800.02 1.66297 1.76683 383.628
     65 1800.02 1.66227 1.77015 374.103
     66 1800.01 1.66146 1.76813  383.41
     67 1800.02 1.66075 1.76986 383.364
     68 1800.01 1.66001 1.76825 383.988
     69 1800.01 1.65925 1.76733  383.25
     70 1800.01 1.65812 1.76414 382.104
     71    1800 1.65733 1.76328 383.117
     72 1800.02 1.65647 1.76193 373.921
     73 1800.02 1.65564 1.76422   372.7
     74 1800.01 1.65483 1.76569 382.411
     75 1800.02 1.65431 1.76635 374.358
     76 1800.02 1.65361 1.76574 365.327
     77 1800.02 1.65302 1.76357 383.773
     78 1800.01 1.65212 1.76528 383.413
     79 1800.01 1.65122 1.76607 376.241
     80 1800.01 1.65063 1.76605 382.632
     81 1800.02 1.65025  1.7636 383.278
     82 1800.02 1.64991 1.76358 383.747
     83 1800.01 1.64939 1.76322  382.01
     84 1800.01 1.64879 1.76427 382.007
     85 1800.01 1.64807 1.76277 383.347
     86 1800.02 1.64752 1.76589 382.791
     87    1800 1.64687 1.76366 381.932
     88 1800.02 1.64641 1.75952 382.585
     89 1800.02 1.64601 1.76441 383.379
     90 1800.02 1.64539  1.7573 383.363
     91    1800 1.64459 1.75722 382.285
     92 1800.01 1.64425 1.75943 382.761
     93 1800.01 1.64373 1.75748 383.234
     94 1800.01 1.64324 1.75851 383.051
     95 1800.01 1.64234 1.76228 418.991
     96    1800 1.64163 1.75704 383.458
     97 1800.01   1.641 1.75884  380.37
     98 1800.02 1.64023 1.75809 383.365
     99 1800.01 1.63916 1.75629 381.578