    -1.11772
    -1.11719
    -1.11812
    -1.12043
    -1.11887
    -1.11979
    -1.11939
    -1.11757
    -1.12088
    -1.28121
    0.035005
    -1.11726
    -1.11872
     -1.1176
    -1.12016
     -1.1185
    -1.12071
    -1.11913
    -1.11887
     -1.1205
    -1.12144
    -1.11925
    -1.11764
    -1.11888
    -1.11673
    -1.11765
    -1.11886
    -1.11965
    -1.11944
    -1.11915
    -1.11885
    -1.12009
     1.04775
    -1.24005
    -1.37497
   -0.511819
   -0.421886
   -0.963215
    0.984948
    -0.23877
    0.153848
   -0.119069
    0.158883
   -0.469626
    0.463273
    0.808327
 -0.00712724
    -0.11492
    0.319701
     1.07547
    0.891735
    0.215638
   -0.192923
  -0.0491411
    0.068284
  -0.0156275
   0.0634158
    0.238473
    0.321433
    -1.27254
    0.170025
   -0.115746
   -0.645475
    -1.05278
   -0.918832
    0.297953
    0.249711
    0.429355
   0.0752322
    0.186056
   0.0838389
   -0.181612
   0.0348103
     0.21976
   -0.728923
   -0.584875
   -0.263489
   0.0279611
     0.57767
   -0.557863
   -0.175483
   -0.426712
   -0.365537
    0.601521
   0.0252198
   -0.181771
   -0.623945
  -0.0150787
   -0.630722
   -0.492922
    -1.03161
   -0.488551
   -0.614081
     1.04576
    -1.52779
    -1.55612
    -1.15687
    0.514956
   -0.301371
    0.203538
     -0.0914
  -0.0778954
    0.014253
  -0.0822731
   -0.913692
   0.0799597
    -1.18341
   -0.540612
    0.382674
    0.164575
    0.290202
    0.300026
    0.857739
   -0.358287
    0.103218
    0.382142
    0.635984
  -0.0471983
     0.20556
   -0.222013
    0.311371
   0.0108666
    -1.62858
  -0.0709032
    0.611539
    0.363245
   -0.711548
    -1.11867
     0.34762
    0.541831
   0.0448734
   0.0923675
   -0.162926
   0.0291065
   0.0682685
   0.0486923
   -0.428857
 -0.00882074
  -0.0119775
    0.109319
   -0.165306
    0.203348
    -0.57736
    0.196323
    0.543269
  -0.0156836
   -0.102754
    0.264946
     0.38556
   0.0858532
    0.068707
    0.444867
    0.193811
   0.0961624
   -0.235974
    0.416689
    0.179923
    0.101613
    0.247449
   -0.165947
    0.511919
   -0.046603
    0.272648
   0.0857501
    0.478059
  -0.0755529
    0.139679
    0.241048
    0.186807
    0.646717
   0.0588741
  -0.0312906
   -0.160598
    0.634271
   -0.110778
    0.305514
    0.166292
   -0.123631
  -0.0994618
   -0.385622
    0.220163
    0.110854
  0.00357261
  -0.0951482
    0.290682
   0.0719442
   0.0246137
    0.320195
   0.0456316
    0.134851
     0.23752
   -0.550885
     -1.1189
    -1.12037
   -0.547458
    -1.23099
     -1.8868
    -1.79663
    -1.44115
    -1.58954
   -0.323136
   -0.830156
   -0.759509
    -1.21638
    -1.11211
   -0.600421
   -0.289705
   -0.644916
   -0.379649
   -0.661051
    -0.94882
    -1.23516
   -0.217184
   -0.456652
   -0.417388
   -0.625532
-0.000247958
   -0.180129
   -0.557734
   -0.661705
   -0.728306
    -1.11851
   -0.800763
    -1.11992
    -1.30533
    -1.90996
    -1.22665
   -0.706451
   -0.394815
   0.0535131
   -0.125465
   -0.297893
   -0.303248
   -0.272613
   -0.706141
     -0.5091
   -0.385801
   -0.251159
    -1.11895
   -0.771474
   -0.944165
    -1.11724
    -1.11994
    -1.11933
    -1.11928
     -1.1166
    -1.11897
    -1.11842
    -1.12037
    -1.11915
    -1.12018
    -1.11815
     -1.1186
    -1.11894
    -1.11793
    -1.11958