   -1.40347
   -1.40376
   -1.40341
   -1.40273
   -1.40295
   -1.40104
   -1.40016
   -1.40253
   -1.40377
   -1.33892
   0.030372
   -1.40183
   -1.40084
    -1.4041
   -1.40222
    -1.4027
   -1.39959
   -1.40165
   -1.40412
   -1.40373
   -1.39968
   -1.40177
   -1.40277
   -1.40154
   -1.40359
   -1.40286
   -1.40404
   -1.40225
   -1.40293
   -1.40057
   -1.40171
   -1.40191
    1.08231
   -1.21117
   -1.56383
  -0.538435
  -0.383855
   -1.01665
   0.974047
   -0.29204
   0.130898
   -0.17614
   0.178913
  -0.556935
   0.346431
   0.846556
 -0.0907885
 -0.0054302
   0.286681
    1.00285
   0.826696
   0.178305
  -0.194575
  0.0126898
  0.0305603
  0.0151537
  0.0246074
   0.253391
    0.30635
   -1.28568
 -0.0375705
 -0.0559541
  -0.919536
  -0.944657
   -0.88897
    0.33582
   0.244175
   0.423337
   0.106852
   0.242062
 0.00250214
  -0.174744
  0.0803664
   0.217688
  -0.680838
  -0.628066
  -0.242206
  -0.103618
   0.582969
  -0.492318
  -0.157106
  -0.532199
  -0.308238
   0.554702
 -0.0397451
  -0.135756
  -0.702462
  0.0556897
  -0.529105
  -0.454994
   -1.04489
  -0.538685
  -0.609212
   0.877063
   -1.39048
   -1.60811
   -1.13887
   0.545994
  -0.319194
   0.128455
  -0.104746
 -0.0991946
   0.021863
 -0.0456911
   -0.93033
   0.175965
   -1.13499
  -0.586533
   0.355156
   0.125404
   0.297893
    0.40416
   0.950977
  -0.352146
  0.0981982
   0.433068
   0.659449
 -0.0797031
   0.312111
  -0.212803
   0.231884
  0.0130179
   -1.57131
-0.00986697
   0.720053
   0.605501
  -0.686372
    -1.4025
   0.259387
   0.487212
  0.0537758
   0.111332
  -0.211797
  0.0822402
   0.128437
   0.171863
  -0.344086
   0.017312
  0.0283971
    0.13843
 -0.0485391
     0.2296
  -0.611856
   0.116073
   0.513534
  0.0329837
  -0.194119
   0.336194
   0.372507
  0.0379686
-0.00575795
   0.476989
   0.347928
    0.20084
  -0.201774
   0.416074
    0.13084
  0.0418514
   0.229854
  -0.188652
   0.573388
  0.0329211
   0.256342
  0.0703177
   0.412232
 -0.0630727
   0.253739
   0.265216
   0.265155
   0.668539
    0.10896
  0.0526742
 -0.0478701
   0.538669
  -0.176227
     0.2742
   0.228222
  0.0530187
 -0.0504524
  -0.269979
   0.125445
   0.249075
  -0.181136
 -0.0627414
   0.270487
   0.239366
  0.0569018
   0.254209
 -0.0172665
  0.0300773
   0.173389
  -0.467195
    -1.4032
   -1.40157
  -0.514707
     -1.238
   -1.92003
   -1.81565
     -1.345
   -1.61572
  -0.219244
  -0.805085
  -0.776592
   -1.26175
   -1.11726
  -0.553435
  -0.417202
   -0.56757
  -0.512322
  -0.651849
  -0.768014
  -0.970406
  -0.256381
  -0.394622
  -0.292694
  -0.571042
 -0.0657434
 -0.0441014
   -0.60514
  -0.675422
  -0.657431
   -1.40218
  -0.741774
   -1.40143
   -1.38668
   -1.74562
   -1.30775
  -0.633115
  -0.232677
   0.115984
 -0.0366352
  -0.285639
  -0.354973
   -0.29711
  -0.687757
  -0.481387
  -0.282757
  -0.209946
    -1.4019
  -0.761788
  -0.980469
   -1.39947
   -1.40182
   -1.40461
   -1.40311
   -1.40203
   -1.40349
   -1.40288
   -1.40305
   -1.40276
   -1.40163
   -1.40194
   -1.40109
   -1.40225
   -1.40237
   -1.40158