   -0.649042
   -0.347282
   -0.473192
   -0.490064
  -0.0853501
   -0.104328
   -0.272369
   -0.205648
   -0.187267
   -0.363412
  -0.0977408
   -0.398724
  -0.0223538
    0.185557
    0.277275
   -0.534525
  -0.0679608
   -0.151748
    -0.36828
   -0.305073
   -0.189868
  -0.0810864
 -0.00387956
    0.081818
   -0.105185
   0.0503726
   -0.417668
   -0.510091
   -0.420805
   -0.309255
      0.1298
   -0.688903
   -0.014357
   -0.634556
   -0.339328
   -0.673541
   -0.404165
   -0.209427
  -0.0225294
    0.133362
   -0.207444
    0.228332
   -0.582719
   -0.549419
   -0.807138
   -0.535337
   -0.215708
   -0.664315
   -0.479301
   -0.134607
   -0.208962
    -0.14254
     -1.0347
   -0.223585
   -0.514331
   -0.428213
   -0.212977
   -0.842894
   -0.315789
   -0.183591
   -0.296352
   0.0340118
   -0.318054
   -0.590714
    0.222002
   -0.535084
   -0.119599
   -0.528524
   -0.308284
    0.251549
    -0.12926
   -0.151533
    0.428617
   -0.234788
  -0.0803486
   -0.205859
   0.0462402
    0.624701
   0.0975283
    -0.15168
  -0.0241827
   -0.466733
  -0.0132697
    0.151152
   -0.213281
  -0.0873679
   -0.537911
   -0.132458
   -0.265744
   -0.132327
    -0.59097
   -0.791672
   -0.283244
   -0.349757
   -0.520746
   0.0438937
   -0.375675
   -0.465892
    0.276398
   -0.375239
   0.0125698
   -0.199152
   -0.245744
   -0.148969
    -0.70916
   -0.495343
   -0.345914
  -0.0994903
   -0.232122
   -0.252299
    -0.15745
   -0.252476
   -0.256326
   -0.151147
   -0.471772
   -0.706848
   -0.314018
   -0.034039
     0.22322
  -0.0123846
   -0.445792
   -0.448386
    0.203496
    0.117798
  -0.0606439
   -0.306039
   0.0298524
   -0.490854
   -0.215913
   0.0308293
   -0.347913
   -0.111515
   -0.590283
   -0.250299
   -0.252441
   0.0614992
    -0.39134
    0.158756
   -0.336396
   -0.123946
   -0.496499
   -0.715854
   -0.315652
   -0.606948
   -0.198793
   -0.471592
   -0.408522
    0.395995
   -0.343705
   -0.132699
   -0.580593
   -0.413315
   -0.136765
  -0.0206791
    0.115757
  -0.0397544
   -0.442024
  -0.0791614
   -0.236235
  -0.0850708
  -0.0749129
   -0.914671
  0.00811618
   -0.038277
   -0.479059
   -0.123725
   -0.169674
     0.03322
   -0.280923
   -0.412524
  -0.0551459
   -0.554641
   -0.894566
   -0.572958
   -0.248395
    0.081798
    -0.59506
  -0.0763779
   -0.311527
   -0.570112
  -0.0115002
   -0.744173
  -0.0962487
   -0.250857
   -0.411819
   -0.514128
   -0.386559
   -0.285965
   0.0414079
   -0.306478
   -0.285055
   -0.161649
   -0.497467
  -0.0997093
   -0.330972
    0.116644
    0.141395
    -0.30804
   -0.144422
   -0.287954
   -0.957135
   -0.672321
   0.0215653
    0.127489
  -0.0301324
   -0.466814
   -0.391995
   -0.119134
   -0.117365
   -0.347919
    0.306183
   -0.486013
   -0.617579
  -0.0252736
   -0.318282
    0.059073
   -0.303664
    0.020105
    0.108667
   -0.187746
    0.220404
    -0.50232
   -0.146233
   0.0820448
    0.315709
   0.0411147
   -0.196198
   -0.361922
   -0.821324
   -0.217745
   -0.238213
   -0.707074
   -0.168838
    0.117643
   -0.415261
   -0.372238
   -0.266036
    0.162363
   0.0440067
   -0.256218
    -0.35341
   -0.211044
   0.0389454
    0.110188
  -0.0694543
     0.81317
   -0.566826
   -0.317077
    -0.10265
  -0.0100976
    0.267778
    0.144157
   -0.344543
   -0.258646
   -0.298862
   -0.749764
   -0.567235
   -0.616259
  -0.0750914
   -0.389414
   -0.428232
   -0.154871
   -0.647647
    -0.26461
   -0.189193
   -0.591163
    -0.36511
  -0.0330286
   -0.299828
    0.127853
    0.288918
   -0.308653
   -0.322714
   -0.699396
   -0.454288
   -0.149293
   -0.112456
   -0.255534
   -0.296071
   -0.682528
   -0.295126
  -0.0128209
   -0.251815
   -0.457268
   -0.156778
   -0.122068
   -0.582344
  -0.0534602
   -0.474914
   -0.452042
    -0.22131
    0.169896
  -0.0986428
   -0.183457
   -0.531186
    0.140515
    0.100165
  -0.0568663
   -0.601635
   0.0818999
   -0.790798
   -0.281181
   -0.541967
   -0.127172
   -0.347937
    0.130756
     -0.4221
    0.890145
   -0.804605
    0.293745
   -0.567774
   -0.166112
   -0.408833
   -0.164287
    0.297891
   -0.235269
   -0.610544
   -0.271473
  -0.0641334
   0.0958626
    0.125409
   -0.219153
   -0.389003
   -0.816915
    0.542872
    0.147727
   -0.263802
     0.18236
   -0.315779
   -0.421513
   -0.375989
   -0.954438
   -0.153898
    0.105628
   -0.566557
   0.0091803
    0.240962
   -0.449881
   -0.480451
   -0.812024
   -0.458619
   -0.282974
   -0.310693
   -0.621734
   -0.154425
   -0.177051
  -0.0109611
    -1.18833
    0.162152
  -0.0483336
   -0.217443
  -0.0787873
   -0.698793
  -0.0191599
  -0.0614473
    -1.28957
    -1.00177
   -0.211512
   -0.529471
    -0.72227
   -0.371731
   -0.351265
   0.0560812
    -0.34936
   -0.441624
    0.156652
   -0.407039
   -0.462402
   -0.295512
  -0.0970052
   -0.403624
   -0.186674
   -0.920922
   -0.496807
    0.230989
    0.596461
   -0.676767
   0.0698958
      -0.315
    0.516833
   -0.497661
-0.000863878
   -0.242429
   -0.140117
    0.208368
   -0.350806
   -0.045959
    0.172811
    0.299342
   -0.432157
   -0.300314
    -0.19333
   0.0770832
   -0.431639
    0.310546
   -0.478536
   0.0861087
   -0.836746
    0.312395
   -0.439344
    -0.36358
    0.224336
    0.303808
   -0.621845
   -0.643516
   -0.312171
    0.807032
    -0.45734
   -0.199329
    0.678192
    0.243334
   -0.237012
   -0.355988
   -0.533359
   -0.403514
   -0.185838
   0.0249275
   0.0922734
   -0.259233
   -0.486199
    0.365393
   -0.741684
   -0.500755
   -0.407168
   -0.483832
   -0.317403
   -0.208187
  -0.0839175
   -0.184462
   -0.627603
   -0.570607
    -0.18477
    0.292005
   -0.443272
  -0.0392725
   -0.144299
   -0.689506
   -0.568207
   -0.234771
   -0.159763
   -0.140201
    0.228858
    0.404513
 -0.00946609
    0.501941
   -0.288228
    0.882078
   -0.167635
   -0.518747
   -0.161395
   -0.463667
  -0.0626972
   0.0276943
   -0.311965
   -0.430799
    -0.44442
   -0.458102
   -0.260244
    0.176832
   0.0691892
   -0.376994
   -0.175799
   -0.274782
   -0.485688
   -0.457575
   -0.321959
    0.435737
   -0.204131
  -0.0657206
   0.0985691
   -0.219305
   -0.326146
   -0.175663
   -0.623248
   -0.498459
   -0.018825
    -0.56491
   -0.164842
   0.0629539
  0.00561941
   -0.342252
  -0.0980129
   -0.394541
  -0.0656862
   -0.305048
   0.0114039
   -0.758054
   -0.394693
   -0.224631
   -0.540296
   -0.223812
   -0.746525
   -0.065883
    0.218125
   -0.557463
    -0.49335
   -0.320037
   -0.502236
   -0.747906
   -0.279937
  -0.0474637
   -0.457394
   -0.259555
   -0.390986
   -0.494186
   -0.211796
  -0.0296212
   -0.132658
   -0.208282
    0.156502
   -0.185216
   -0.246009
   -0.204551
    0.161824
   -0.828458
  -0.0314904
   0.0952803
  -0.0807922
   -0.199761
    0.131245
   -0.690353
   -0.108883
  -0.0838744
     0.22164
   -0.283668
    0.284865
  -0.0556084
   -0.816778
   -0.387204
  -0.0966002
    0.333015
   -0.591738
  0.00628364
   -0.356452
    -0.15609
    -0.54092
   -0.278329
    0.125412
   -0.133573
   -0.255479
   -0.357269
    0.373211
   -0.479715
   -0.170632
  -0.0445773
   -0.197662
   -0.632814
   -0.545645
   -0.503479
   -0.188136
   -0.388896
    -0.25486
   -0.163842
   -0.527044
   -0.255336
  -0.0925204
   -0.149632
    -1.04872
    0.107046
   -0.513592
   -0.279848
  -0.0465424
   -0.189227
  -0.0312942
   -0.037328
    -0.26517
   -0.200336
   -0.338906
   -0.300882
   -0.370702
 -0.00614452
   -0.512562
   0.0421058
   -0.395142
   -0.314106
   -0.150174
    0.163655
    0.806801
    0.315072
   -0.172026
    -0.19522
   -0.683017
   -0.354295
    0.558865
   -0.207282
   -0.219586
   -0.794508
   -0.383457
    -0.39422
  -0.0400376
   -0.344181
   -0.216056
   -0.540056
   -0.454684
   -0.261808
   -0.189483
   -0.374429
   -0.429331
   0.0105699
   -0.136165
   0.0559703
   -0.476775
   -0.329427
   -0.148556
   -0.044667
   -0.563033
  -0.0576207
    0.325326
   -0.343137
  -0.0385873
    0.364883
  -0.0742784
   -0.258927
   -0.404867
   -0.169125
   -0.603649
   -0.442502
    0.616364
   -0.269061
    0.244955
   -0.196751
    0.134657
    0.564437
    0.176576
   -0.147954
   -0.137193
   -0.258811
   -0.466659
  -0.0729686
   -0.172579
   -0.410917
   -0.306905
   -0.617212
   -0.194892
   -0.236088
    -0.35987
  -0.0587049
   -0.247978
   0.0233264
   0.0791918
   -0.202153
   -0.954845
    0.170537
   -0.758259
  -0.0792423
    0.122058
   -0.554025
    0.323831
   -0.208679
    0.280444
   -0.310653
   -0.505347
   -0.342979
  -0.0266713
   -0.137858
   -0.176194
    -0.46075
   -0.452472
   -0.363473
   0.0968184
   -0.608448
   -0.632959
   0.0446265
   -0.068269
   -0.179899
   0.0543267
   -0.142245
     0.15426
    0.208602
   -0.232122
   -0.575803
   -0.572134
   -0.939645
   -0.406838
   -0.455718
   0.0587339
   -0.165193
  -0.0421547
   -0.424733
    0.017392
    0.425562
   -0.179662
    0.153382
   -0.483704
   -0.217167
   -0.638321
    0.192354
   -0.611734
     1.02308
   -0.283448
   -0.346709
    0.392808
   -0.369661
   -0.367893
   -0.488485
  -0.0296039
  -0.0549278
   -0.369254
    0.022068
   -0.431382
    0.659315
   -0.217774
   -0.413065
   0.0884448
   -0.147881
   -0.465385
   -0.262641
  -0.0764002
    0.249947
   0.0288348
  -0.0605178
   -0.452705
   -0.446811
    0.190844
    -0.44334
   -0.169763
   -0.153908
  -0.0786715
    0.298479
   -0.426672
  -0.0634036
   -0.209451
   -0.949726
   -0.030171
 -0.00134446
 -0.00876247
   -0.245431
   -0.442512
   -0.720697
    0.136382
   0.0687294
  -0.0742665
   -0.330538
    0.171164
   -0.129625
   -0.251912
   -0.349051
    0.113249
   0.0715724
   0.0432286
   -0.382301
   -0.265558
   -0.171923
    -0.21595
    0.328287
    0.962174
   -0.498752
   -0.731593
   -0.203467
    0.159537
    0.122909
   -0.168626
   -0.154186
    -0.44566
   -0.168871
   -0.166478
   -0.119599
   -0.248445
   -0.115901
   -0.607325
   -0.247994
     0.07001
   -0.780397
  -0.0229277
   -0.418738
   -0.811773
   -0.174246
   0.0769385
   -0.528068
   -0.200633
   0.0314196
   -0.121722
    0.119036
    0.100418
   -0.214588
    -0.48045
   -0.292269
  -0.0152423
  -0.0993428
   -0.368915
   -0.289144
   -0.224231
   0.0567777
 -0.00454035
   0.0379219
    -0.15574
     -0.4343
   -0.268094
   -0.606223
   -0.732392
   -0.124501
     0.55537
   -0.223993
   -0.113775
   -0.553175
   -0.203959
    0.216307
   0.0543673
   -0.497867
    0.072069
   -0.707661
  -0.0483563
  -0.0957039
   -0.172761
   -0.255358
    0.366309
   -0.255322
    0.541421
   -0.547889
    0.662466
   -0.311884
   -0.207608
   -0.256842
   -0.445398
     1.15754
    0.168683
   -0.221996
  -0.0353527
   -0.283446
  -0.0870336
  -0.0605914
    0.303952
   -0.441603
   -0.604113
    0.131883
    -0.14566
   0.0126577
     1.83351
   -0.212147
   -0.309825
   0.0312158
     0.28507
   -0.198157
   -0.287971
   -0.292283
   -0.331497
   0.0969365
   -0.425008
    0.136941
   -0.415934
   -0.181612
     0.41216
   -0.696491
   -0.719147
   -0.286949
   -0.585704
   0.0206316
   0.0401934
     0.34351
   -0.550235
   -0.239636
   -0.389357
   0.0662608
   -0.460141
   0.0433776
    -1.23009
   -0.864827
   -0.560817
   -0.450667
   -0.347024
  -0.0631917
   -0.392186
  -0.0131554
   -0.532722
   -0.594396
    0.265565
  -0.0234539
   -0.365058
   -0.331163
   -0.452431
   -0.431957
    -0.15894
   -0.388626
   -0.281881
  -0.0173895
    0.536166
   -0.585455
  -0.0683472
   -0.586768
    0.143558
   -0.414942
  -0.0872089
  0.00630263
    -0.14438
    0.291972
   -0.249632
   -0.373156
    0.383014
    0.351971
   -0.273795
   -0.244932
   -0.341628
    0.413537
   -0.675525
  -0.0744712
     0.10476
   -0.107948
   -0.547974
    0.427394
    -0.50286
  -0.0826728
    0.144215
 -0.00838535
   -0.877467
  -0.0836039
   -0.665539
    0.667815
   -0.548814
   -0.255869
     0.67556
     0.45818
   -0.428303
   -0.466943
  -0.0358211
   0.0147974
   -0.125192
    0.112655
    0.147863
   -0.292074
   -0.073895
   0.0571069
  -0.0609466
   0.0146603
   -0.434614
   -0.386816
   -0.605312
    0.294911
    0.377518
  -0.0729024
   -0.431831
   -0.103672
   0.0707356
    0.388503
  -0.0497816
   -0.243741
  -0.0994087
    -0.24468
  -0.0169283
   -0.405229
  -0.0435585
   -0.665646
  -0.0313221
    0.333231
   0.0372528
    0.336774
   -0.644567
      1.3337
  -0.0750801
   -0.154776
    -0.17008
   -0.041224
   -0.235106
   -0.115974
   -0.389297
   -0.043715
   -0.487639
   -0.209445
  -0.0709016
    0.312474
    0.171102
   -0.249632
    0.326299
    -0.40639
   -0.371758
   -0.441193
   -0.121978
     -0.2437
   -0.337927
    0.198368
    0.057819
    0.234242
   -0.110564
    0.079002
   -0.336618
   -0.148731
   -0.154431
   -0.649083
   -0.332941
   0.0780051
    0.167094
     -0.5233
   -0.794229
   -0.204774
   -0.704413
   -0.087787
   -0.387815
   -0.254552
   -0.157838
   0.0287151
   -0.477404
   -0.127061
   -0.574533
   0.0078656
  0.00911476
   0.0439684
   -0.543995
   -0.137997
   -0.272388
    0.353987
   -0.231174
    0.726311
    0.135859
    0.385133
    0.379354
  -0.0359635
    0.439805
    0.279272
    0.303917
    0.243895
   0.0105088
    0.113953
   -0.171545
    0.307644
    0.327246
    0.602467
   0.0803981
    0.381995
    0.440202
    0.275028
    0.207201
    0.651564
   0.0235865
    0.208481
    0.275837
    0.309462
    0.474405
    0.456733
   0.0275188
   0.0811252
   -0.028967
    0.818277
   0.0167658
   0.0688333
   0.0741869
   0.0508624
    0.390237
    0.868442
    0.452716
   -0.107627
    0.113334
   0.0681697
    0.267276
    0.308313
    -0.11281
    0.332328
    0.126124
    0.243248
   -0.214094
   -0.521433
    0.118127
     1.04999
    0.257561
    0.878761
    0.354396
    0.598669
    0.799318
    0.437921
    0.373218
    0.448849
    0.125707
    0.605407
    0.308024
    0.585169
    0.219828
    0.423671
   0.0707617
    0.422385
    0.248725
    0.270048
     0.34478
    0.459565
    0.313754
    0.861166
     0.35469
    0.583798
    0.354373
     1.16771
     1.47139
   0.0632592
    0.535899
    0.155709
    0.519952
    0.536555
    0.422868
    0.166432
    0.105973
    0.496746
    0.531003
    0.408172
    0.466009
    0.471724
    0.479706
    0.310627
    0.337822
    0.337433
     0.46556
    0.247771
    0.375308
    0.243976
   0.0998888
    0.539286
    0.121258
    0.182039
   0.0494378
    0.365516
     0.23905
    0.411572
    0.810663
    0.355529
    0.719332
  -0.0426386
    0.224269
    0.697991
    0.562258
    0.250686
    0.291688
   0.0871815
    0.279812
    0.398446
    0.567785
    0.166118
     0.16224
    0.563737
    0.303509
    0.595669
    0.684169
    0.250107
    0.799711
    0.620638
    0.363874
    0.226654
   0.0653186
  -0.0799618
    0.477064
    0.166556
    0.362549
   -0.133616
    0.863085
    0.296379
   0.0506664
  -0.0846728
   -0.092123
    0.557029
    0.443928
    0.569207
    0.136024
     0.35198
    0.901281
     0.58797
    0.350781
  -0.0522343
   0.0315629
    0.343956
  -0.0508195
    0.219009
   0.0310911
  -0.0283689
    0.133549
    0.219839
    0.863625
    0.374284
    0.592306
    0.274679
    0.192047
    0.500916
    0.353391
    0.340127
    0.938141
    0.508611
    0.624408
     0.56022
    0.322895
    0.400619
    0.476069
    0.303927
      0.4485
    0.212797
    0.427877
    0.682625
    0.204846
    0.330993
    0.892192
    0.240957
    0.350262
    0.333325
 -0.00701463
    0.487347
    0.227389
     1.13923
   -0.158044
   0.0822969
     1.00731
     0.42224
    0.466756
     0.51538
    0.204841
    0.436615
  -0.0658244
   -0.441471
    0.491302
      1.1345
    0.274622
    0.161226
    0.498232
    0.147597
  -0.0280245
    0.167338
     0.40268
    0.474909
    0.239836
    0.272164
    0.423731
    0.291712
     0.47447
    0.387737
    0.386704
    0.429133
      0.6286
    0.766371
   0.0252245
    0.541136
    0.359478
    0.761299
    0.397189
    0.283483
    0.281298
    0.812516
    0.451785
    0.165488
     1.07235
    0.836137
    0.507867
    0.331657
    0.347457
    0.258013
    0.153409
    0.367482
    0.177361
    0.353056
   0.0220141
    0.181346
    0.431603
    0.623786
    0.203494
    0.246419
     1.40545
    0.218723
  -0.0814361
  0.00183237
     0.74514
    0.363455
    0.251275
   -0.207591
    0.223571
    0.228869
    0.416019
   0.0421131
    0.355077
    0.135249
    0.579037
     0.32766
    0.276531
    0.207922
    0.159995
    0.154184
    0.356186
    0.310322
     0.32356
    0.388411
    0.238329
    0.629363
   0.0593249
    0.262636
    0.572334
    0.517125
    0.375625
    0.532699
    0.469871
    0.474041
      0.4035
    0.655906
    0.494503
    0.316139
     0.08179
    0.237168
    0.284958
    0.378754
    0.538244
    0.139493
   0.0659642
    0.707916
    0.666104
    0.244937
    0.475249
   0.0232365
    0.490827
    0.280437
    0.569541
    0.236687
    0.747236
    0.423027
    0.479495
   0.0767057
    0.019352
  -0.0265089
    0.856062
    0.163588
      1.5065
     0.24706
   0.0992764
    0.259299
  -0.0398419
    0.636369
    0.330611
     1.00574
   0.0985103
    0.158901
  -0.0324535
    0.414316
    0.436809
    0.165965
    0.616203
    0.280266
  -0.0895972
    0.833296
    0.568981
   -0.133299
     1.58998
    0.430802
  -0.0490332
    0.409344
  -0.0336849
    0.513357
    0.488444
    -0.11473
   0.0584217
  0.00803141
    0.104274
     0.39085
   -0.374098
     0.60273
     0.91611
   0.0679571
    0.138023
      0.3676
    0.455361
    0.729267
    0.993876
     0.72198
    0.344038
    0.447731
    0.683468
    0.427496
    0.361449
    0.381126
    0.566182
    0.491776
    0.726044
    0.212261
    0.305576
    0.176199
    0.131857
    0.293011
    0.279535
   0.0385825
      0.3286
    0.493429
     0.44507
     0.29319
    0.549555
    0.323749
    0.207292
    0.615681
    0.331255
   0.0956754
    0.614653
    0.433051
    0.149496
   0.0407101
    0.154122
    0.538281
    0.266398
    0.646316
    0.220516
    0.584571
    0.494474
    0.238063
    0.660572
    0.736508
    0.745764
    0.338965
    0.623091
      1.4933
    0.182776
     0.29935
    0.553006
    0.273373
    0.513836
    0.807094
     -0.3812
     0.26962
    0.416106
  -0.0596466
    0.187785
   0.0668793
    0.262872
     1.12763
    0.207158
    0.144992
     1.10835
    0.341741
    0.452649
    0.273487
    0.216286
    0.797456
    0.284935
    0.419717
   0.0949393
    0.603946
     0.24228
   0.0400172
    0.161876
    0.272092
    0.242795
    0.340061
    0.343817
    0.760818
    0.324281
    0.484353
    0.183315
    0.736014
    0.245436
    0.686902
    0.667084
    0.615788
    0.242405
    0.296672
    0.592199
    0.179952
   0.0825872
    0.219989
    0.205957
    0.487633
    0.303143
    0.362671
    0.132188
     1.13439
    0.516164
    0.725219
    0.211255
    0.533292
    0.112031
   0.0961015
    0.330514
   -0.133768
    0.362179
    0.288759
    0.532314
    0.430205
    0.668677
   0.0404654
    0.380227
    0.324672
   0.0794647
   -0.164491
    0.231688
    0.604815
    0.141417
    0.195661
    0.419136
    0.368531
    0.253371
    0.645253
  -0.0194971
    0.433879
    0.167081
    0.522051
   -0.143302
    0.193912
    0.776311
   0.0966544
    0.203385
    0.189906
    0.259672
   0.0955272
   0.0766434
   0.0585503
    0.278848
   0.0223065
    0.432806
    0.371887
     0.23922
    0.425285
    0.830857
  -0.0186771
    0.656041
    0.291469
    0.578918
    0.641917
    0.784909
   0.0752708
   -0.485584
   -0.244974
   -0.135307
   -0.479925
   -0.226081
    0.346909
   -0.419985
    0.243443
     0.41902
    0.177417
   -0.207443
    0.493891
    0.581838
     0.32994
  -0.0575246
    0.374763
    -0.33556
    0.324262
    0.103398
    0.147189
   -0.215569
    0.260738
   0.0440084
   -0.199753
   -0.939145
    0.100621
  0.00984824
    0.530765
    0.372005
    0.676913
     0.35669
   -0.365308
   -0.167815
  0.00812505
     0.15173
    0.180587
   0.0241571
    0.379022
   -0.437585
    0.344153
    0.317702
    0.213768
     0.38129
   -0.368589
    0.310706
    0.400158
    0.189893
   -0.223367
   -0.235188
   -0.246287
    0.153727
     0.49512
    0.181978
   -0.162807
    0.385403
   -0.277808
    0.385836
   -0.363228
   -0.202155
    0.334351
   -0.631076
   -0.215305
    0.105992
   -0.272507
   -0.215915
  -0.0263648
   -0.320444
   -0.366147
     0.15011
   -0.680939
   0.0387425
    0.191178
   -0.106875
    0.525048
   -0.264981
   -0.679641
    -1.18481
    0.378291
   0.0400361
    0.116974
   -0.195504
   0.0325895
    -1.06029
     0.31168
  -0.0930696
    0.031064
   -0.486319
   0.0969326
    0.395615
   0.0549051
    0.509727
    0.477684
   -0.300564
   -0.220569
     0.15094
     0.30626
   -0.132613
   -0.559842
    0.495197
    0.208984
    0.177841
   0.0866918
    0.141106
   -0.449265
  -0.0305496
    0.543407
    0.797044
   0.0527367
    0.296779
    0.543525
   0.0907914
     0.16707
   -0.155649
   -0.558022
   0.0261018
    0.144542
   0.0271113
  -0.0289483
   -0.683831
   -0.259171
    0.516042
    -0.55076
    -0.62397
    0.384051
    0.196855
   -0.185617
   -0.159807
    0.500395
    0.151511
  -0.0353176
   -0.135792
   0.0156786
   -0.667503
   -0.598797
    0.139179
     0.31995
   -0.536067
    0.152128
   -0.483028
   0.0739468
   0.0114994
 -0.00431868
  -0.0467225
    0.196689
  -0.0883906
   0.0687376
   -0.826615
   -0.309124
    0.330224
   -0.105696
    0.538264
   -0.378039
    0.324774
   0.0282316
    0.254332
  -0.0331414
   0.0725695
    0.341778
   -0.900776
     0.10513
  -0.0303177
     0.61404
    0.138613
   -0.508548
  -0.0198204
   -0.349498
   0.0715507
   -0.118595
    0.133957
    0.256168
   -0.477607
  -0.0884261
  -0.0534138
    -0.38521
   -0.325007
   0.0284035
    0.141063
   -0.230495
    0.211745
   -0.758993
    0.157665
   -0.541236
   0.0233049
   -0.153993
    -0.13401
    0.228551
    0.171377
   -0.683224
   -0.228889
   -0.147671
   -0.716819
   -0.151352
   -0.235443
   -0.102132
   -0.307933
    0.360306
    0.290306
    0.110226
   -0.370106
   -0.102117
    0.355336
   0.0200728
   0.0448721
    -0.38713
   0.0166493
    0.148029
    0.470209
   0.0288099
   -0.251568
   -0.199333
    0.507897
   -0.387844
    0.536066
    0.240358
   -0.316151
   -0.511698
   0.0287856
    0.573475
    0.389517
    0.202246
   -0.258099
   -0.346498
   -0.241248
   0.0960015
    0.131548
   0.0158745
    0.319199
   0.0237313
   0.0321903
   -0.174722
    0.235713
   -0.315723
   -0.685585
    0.293017
    0.116658
    0.110311
    0.185485
    0.820327
    0.275329
   -0.218822
    0.199431
    0.266657
   -0.746073
   -0.312936
    0.821247
 -0.00652678
    0.130922
 -0.00614923
     0.72883
    0.213603
  0.00458355
   -0.441578
   -0.126854
   -0.696964
   -0.157333
   -0.364815
   -0.124703
    0.401949
   0.0863391
 -0.00630966
   -0.677508
   -0.129184
  -0.0915448
   -0.441765
  -0.0981772
    0.302704
   -0.196973
    0.646987
    0.164253
    0.422482
   -0.482204
    0.301678
   -0.267497
    0.187622
  -0.0162802
   -0.413082
    0.302009
   -0.315429
    0.377791
   -0.646491
   -0.300205
    0.183388
    0.242014
   -0.440251
    0.572121
     0.30187
    0.350073
   0.0880128
  -0.0463109
    0.289197
   -0.692514
    0.115485
    0.452697
   -0.312277
   -0.183028
   -0.280239
    -0.26821
  -0.0898567
    0.196162
   -0.160614
    0.798651
    0.352901
   -0.195799
   -0.419924
   -0.426893
   -0.433341
    0.246841
    0.105771
     1.12904
   -0.158482
    0.539852
    0.916941
   -0.300099
  -0.0249876
   0.0328699
    0.102037
   -0.371653
    0.293053
   -0.290762
   -0.121774
  -0.0817321
    -0.07951
    0.323986
   -0.713438
   -0.650283
   -0.465668
    0.883112
    0.406886
   0.0339197
   -0.232841
    0.908169
    0.633889
   -0.197151
   0.0601575
   -0.287912
   -0.096825
   -0.297161
    0.162992
    0.452312
  -0.0164118
    0.344782
   -0.147594
  -0.0264272
  -0.0499714
   -0.273866
   -0.206983
   -0.174625
    0.283124
   -0.464282
    0.165476
    0.425057
    0.399298
 -0.00399391
   -0.567721
   -0.106449
   -0.133773
   -0.182068
  -0.0362062
    -0.26485
   -0.264843
    -0.17273
   -0.434503
  -0.0302755
   -0.102001
    0.402428
  -0.0728609
     0.29479
  -0.0206071
   0.0538278
   -0.495607
   -0.549275
    0.235217
    0.395709
   0.0144927
   -0.530725
    -0.18605
   -0.526059
   0.0553236
   -0.161311
  -0.0708577
   -0.216903
   -0.211927
   -0.397432
    0.429329
    0.191638
  -0.0898424
   -0.647017
    -1.07635
   -0.506604
   0.0243722
    0.240192
    0.866961
    0.215655
    0.316044
     0.60813
   -0.258397
    0.177329
    0.728347
    0.341114
   -0.145453
   -0.130855
   -0.425203
   0.0494188
   0.0268678
   -0.199188
   -0.999581
      0.4491
  0.00498538
   -0.586791
   -0.756748
    0.170512
   0.0517519
   -0.349176
   -0.201005
   -0.398811
   -0.294773
    0.361511
    0.102091
     0.15079
   -0.118607
    0.129521
   -0.390616
   0.0323492
   -0.250861
     0.03974
   -0.682117
   -0.221283
    0.281379
    0.247634
    0.234514
  -0.0210929
   -0.571197
   -0.114094
    0.097057
    -0.13337
    0.105752
     0.19066
   -0.459749
  -0.0506997
    0.069089
   -0.426454
   -0.361094
   -0.688552
   -0.258225
    0.125404
    -1.22197
    0.227733
   0.0313503
   0.0734804
   -0.746269
    0.209749
   -0.405801
   -0.429896
   -0.388613
   -0.200812
   -0.128441
     -0.1105
    0.725788
    0.600829
   0.0193089
   -0.523202
   -0.214542
    0.169826
   -0.031696
    0.719808
   -0.614683
    0.025188
    0.369017
    0.301183
   0.0509059
    0.384529
    0.530236
   -0.302428
   -0.206917
    0.415335
    0.143487
   -0.593647
    0.206651
    0.270372
    0.181215
   -0.459042
   -0.446028
   -0.257913
   -0.230852
 -0.00650366
    0.212504
    0.190033
   -0.214442
    0.186708
    0.641833
    0.467794
    0.483043
    0.281475
  -0.0597977
  -0.0948329
    0.212997
     0.25225
   -0.522724
   -0.846593