          0  0.00124698      123447           0     3.16107     3.31993     4.05783
          1  0.00248724      246233     60.0004     3.09144     3.20388     3.89436
          2      0.0037      366296         120     3.05776      3.1576     3.98302
          3  0.00494577      489627     180.001     3.03694     3.14164     4.05562
          4   0.0061906      612865         240     3.02041     3.13774      4.0175
          5  0.00741696      734275     300.001     3.01767      3.1599     3.84216
          6  0.00866358      857690     360.003     3.00649     3.16034     4.01077
          7  0.00990951      981037     420.001     3.00214     3.07875     4.05927
          8   0.0111492 1.10377e+06     480.002     2.99578     3.06038     4.03664
          9   0.0124002 1.22762e+06     540.002     2.98751      3.0572     4.01293
         10   0.0136429 1.35064e+06     600.003      2.9699     3.12004     3.87283
         11    0.014891  1.4742e+06     660.005     2.95547     3.06063     4.04126
         12   0.0161446 1.59832e+06     720.002     2.95611     3.03841     4.03228
         13   0.0173822 1.72084e+06     780.001     2.95501     3.02653     3.89374
         14   0.0186338 1.84474e+06     840.005     2.95142      3.0159     3.97739
         15   0.0198752 1.96764e+06     900.003     2.95267     3.04457     4.01741
         16   0.0211027 2.08916e+06     960.003      2.9506      3.0062      3.8868
         17   0.0223566  2.2133e+06     1020.01     2.95091     3.00879     4.04936
         18   0.0236101  2.3374e+06     1080.01     2.95018     2.99101     3.98212
         19   0.0248295 2.45812e+06     1140.01      2.9473     3.04874     3.87106
         20   0.0260529 2.57924e+06        1200      2.9458     3.00458     3.88726
         21   0.0272525   2.698e+06        1260     2.94502     2.98805     3.86743
         22   0.0284244 2.81402e+06     1320.01     2.94314     2.99502     3.75443
         23    0.029653 2.93565e+06        1380     2.92616     3.05093     4.04244
         24   0.0309062 3.05971e+06        1440      2.9295     3.03976     4.04716
         25   0.0321253  3.1804e+06     1500.01     2.93251     2.99091     4.01384
         26   0.0333501 3.30166e+06        1560     2.92938     3.00059     4.05893
         27   0.0345975 3.42514e+06        1620     2.92836     2.97959     4.00349
         28   0.0358041  3.5446e+06        1680     2.93064     3.00182     3.73851
         29     0.03705 3.66795e+06     1740.01     2.92976     2.99084      4.0395
         30   0.0382928 3.79099e+06     1800.01       2.928     2.97611     3.99607
         31    0.039501 3.91059e+06        1860     2.93073     2.98257     4.02033
         32    0.040736 4.03286e+06     1920.01     2.92786     2.96125     3.97682
         33   0.0419708 4.15511e+06        1980     2.92809     2.95842     3.80695
         34    0.043205 4.27729e+06     2040.01     2.92809     2.96204     3.97096
         35   0.0444446 4.40001e+06     2100.01     2.92815     2.96412     3.96828
         36   0.0456683 4.52115e+06     2160.01     2.92773     2.95498      3.8212
         37   0.0468977 4.64287e+06        2220     2.92657     2.95741      3.8335
         38    0.048139 4.76576e+06     2280.01     2.92507     2.95357     3.89655
         39    0.049356 4.88624e+06        2340     2.92379     2.94284     3.84535
         40   0.0505933 5.00873e+06     2400.01     2.92222     2.96826     4.03437
         41   0.0518409 5.13225e+06        2460     2.92058     2.94582     3.87539
         42   0.0530489 5.25183e+06     2520.01     2.91869     2.94708     3.85874
         43   0.0542907 5.37478e+06     2580.02     2.91753     2.94637     4.03027
         44   0.0555352 5.49798e+06     2640.02     2.91573      2.9495     3.83479
         45   0.0567395 5.61720e+06     2700.01     2.91269     2.99633     3.84238
         46   0.0579803 5.74005e+06     2760.01     2.90825     2.95509     4.02008
         47   0.0592238 5.86315e+06     2820.01     2.90764      2.9401     4.04143
         48   0.0604364  5.9832e+06     2880.02     2.90717     2.94829     4.05088
         49   0.0616764 6.10596e+06     2940.02     2.90737     2.95536     3.97275
         50   0.0629229 6.22937e+06     3000.02     2.90688     2.94122     4.07633
         51   0.0641438 6.35023e+06        3060     2.90654     2.93911     4.06123
         52   0.0653798  6.4726e+06     3120.01     2.90464     2.94568     4.04868
         53   0.0666288 6.59624e+06     3180.02      2.9044     2.93415     4.05139
         54   0.0678612 6.71825e+06     3240.02     2.90343     2.93467     4.03437
         55   0.0691122  6.8421e+06        3300     2.90309     2.93466     4.01459
         56   0.0703546  6.9651e+06        3360     2.90272     2.93253       4.058
         57   0.0715903 7.08744e+06     3420.03     2.90005     2.98134     4.01567
         58   0.0728407 7.21123e+06     3480.02     2.89997     2.94529     4.01542
         59   0.0740826 7.33418e+06     3540.01      2.8997     2.94058     3.89585
         60   0.0753311 7.45778e+06     3600.01     2.89926      2.9385     3.77753
         61    0.076572 7.58062e+06        3660     2.89862     2.94211     4.02575
         62   0.0777988 7.70207e+06        3720     2.89783     2.93366     3.87392
         63   0.0790535  7.8263e+06     3780.02      2.8973     2.94669     4.05834
         64   0.0803081  7.9505e+06     3840.01     2.89661     2.92861     4.02491
         65    0.081533 8.07176e+06     3900.01     2.89536     2.93758     3.87593
         66   0.0827409 8.19134e+06     3960.02     2.89468      2.9229     3.86835
         67   0.0839445  8.3105e+06        4020     2.89501     2.92036     3.90086
         68   0.0851442 8.42927e+06        4080      2.8942     2.92923     3.86866
         69   0.0863981 8.55341e+06        4140     2.89334     2.91812     4.05249
         70   0.0876527 8.67762e+06     4200.03     2.89388     2.92549     4.02208
         71   0.0888618 8.79732e+06        4260     2.89369     2.92733     3.86419
         72   0.0900952 8.91942e+06     4320.02     2.89403     2.92883      3.9904
         73   0.0913334   9.042e+06     4380.03     2.89338      2.9303     4.05393
         74   0.0925381 9.16127e+06        4440     2.89293     2.92396     4.01135
         75   0.0937687  9.2831e+06        4500     2.89224     2.90929     3.85115
         76   0.0950188 9.40686e+06     4560.03      2.8925     2.91411     4.01492
         77   0.0962437 9.52812e+06     4620.03     2.89269     2.92915     3.89851
         78   0.0974935 9.65186e+06     4680.04     2.89324     2.92431     4.01143
         79   0.0987427 9.77552e+06     4740.03     2.89331     2.91822     4.01833
         80   0.0999798 9.89799e+06     4800.02     2.89319     2.91096     4.03186
         81    0.101229 1.00217e+07     4860.02     2.89259     2.91405     4.05791
         82    0.102467 1.01442e+07        4920     2.89186     2.93537     3.85261
         83    0.103714 1.02677e+07     4980.04     2.89168     2.91627     3.94384
         84    0.104966 1.03917e+07     5040.01     2.89177     2.91319     4.03052
         85    0.106204 1.05142e+07     5100.04     2.89149      2.9214     3.87376
         86    0.107441 1.06366e+07     5160.02     2.89061     2.90727     3.97951
         87    0.108681 1.07594e+07        5220     2.88914      2.9088     4.03211
         88    0.109906 1.08807e+07     5280.04     2.88837     2.91178     3.89632
         89    0.111153 1.10041e+07     5340.01     2.88746     2.91343     4.04126
         90    0.112406 1.11282e+07     5400.04     2.88772     2.90863     4.02901
         91    0.113629 1.12492e+07     5460.03     2.88786     2.91329     3.87926
         92    0.114875 1.13726e+07     5520.01     2.88774     2.91288     4.01542
         93    0.116115 1.14953e+07     5580.04      2.8875     2.91212      4.0432
         94    0.117318 1.16145e+07     5640.01     2.88779      2.9205     3.88758
         95    0.118553 1.17367e+07     5700.04     2.88738     2.90435     4.03899
         96      0.1198 1.18602e+07     5760.03     2.88661     2.91021     3.98458
         97    0.120998 1.19788e+07     5820.03     2.88696     2.91591     4.00002
         98    0.122232  1.2101e+07     5880.03     2.88667     2.93965     4.08723
         99    0.123474 1.22239e+07     5940.03     2.88682     2.90752     4.00564
        100    0.124682 1.23435e+07     6000.02     2.88562     2.94551     4.05791
        101    0.125931 1.24672e+07     6060.02     2.88186      2.9306     3.93935
        102    0.127176 1.25904e+07     6120.04      2.8815     2.93216      3.8903
        103    0.128405 1.27121e+07     6180.04     2.88214     2.91404     3.85981
        104    0.129646  1.2835e+07     6240.02     2.88263     2.92449     3.98294
        105    0.130873 1.29564e+07     6300.03     2.88223     2.91437     4.03303
        106    0.132104 1.30783e+07     6360.05     2.88229     2.91859     3.86666
        107    0.133291 1.31958e+07     6420.04     2.88187     2.91173     3.80777
        108    0.134476 1.33131e+07     6480.03     2.88152     2.91674     3.77907
        109    0.135668 1.34311e+07     6540.03     2.88136     2.91195     3.84871
        110    0.136878 1.35509e+07     6600.04     2.88142     2.91313     4.01276
        111    0.138102 1.36721e+07     6660.01     2.88164     2.92025     3.87345
        112     0.13932 1.37927e+07     6720.01     2.88153     2.90089     4.04185
        113    0.140568 1.39163e+07     6780.05     2.88138     2.90521     3.99986
        114    0.141776 1.40358e+07     6840.04     2.88164     2.90277     3.87879
        115    0.143014 1.41584e+07     6900.02     2.88139     2.89605     4.02642
        116    0.144258 1.42816e+07        6960      2.8807     2.90185     3.82934
        117    0.145456 1.44001e+07     7020.01     2.88071      2.9033     3.90809
        118    0.146706 1.45239e+07     7080.03     2.88032     2.90618     4.03219
        119    0.147935 1.46456e+07     7140.05     2.87984     2.90031     4.05232
        120    0.149142  1.4765e+07     7200.03     2.87965     2.89657     4.01758
        121    0.150381 1.48877e+07     7260.04     2.87964     2.90686     4.02884
        122    0.151617 1.50101e+07     7320.05     2.87977     2.90205     3.98229
        123    0.152838  1.5131e+07     7380.05     2.87999      2.9119     4.01367
        124    0.154079 1.52538e+07     7440.05     2.87987     2.90006     3.81841
        125    0.155325 1.53771e+07     7500.01      2.8804     2.91751     4.00555
        126     0.15654 1.54975e+07     7560.03     2.88038     2.89387     4.01658
        127     0.15779 1.56212e+07     7620.06     2.88032     2.89775     4.03622
        128    0.159023 1.57433e+07        7680     2.88018     2.90381     3.81789
        129    0.160239 1.58637e+07     7740.01     2.87978     2.90381     3.77363
        130    0.161465  1.5985e+07     7800.03     2.87959     2.89993     3.92334
        131    0.162669 1.61042e+07     7860.03     2.87951     2.90023     3.86466
        132    0.163899  1.6226e+07     7920.06     2.87912     2.89308     3.82557
        133    0.165118 1.63467e+07     7980.01     2.87952      2.9042     3.78438
        134    0.166326 1.64662e+07        8040     2.87947      2.8981     3.84871
        135    0.167546 1.65871e+07     8100.02     2.87971     2.90775     4.03043
        136    0.168775 1.67087e+07     8160.01     2.87958     2.90478     4.06906
        137    0.169965 1.68265e+07     8220.03      2.8797     2.89905     3.89007
        138    0.171195 1.69483e+07     8280.04     2.87927     2.90085     3.82677
        139    0.172426 1.70701e+07        8340     2.87934     2.90421     3.61886
        140    0.173609 1.71872e+07     8400.06      2.8791     2.92221     3.70044
        141    0.174819 1.73071e+07        8460     2.87885     2.90354      3.7639
        142    0.176019 1.74259e+07     8520.06       2.879     2.89321     3.90031
        143    0.177208 1.75436e+07     8580.07     2.87846     2.89227      3.9936
        144    0.178414  1.7663e+07     8640.04     2.87836     2.90664     3.83381
        145    0.179632 1.77836e+07     8700.02     2.87853      2.8932     3.98163
        146    0.180855 1.79046e+07     8760.03     2.87851     2.89546     3.94641
        147    0.182076 1.80255e+07     8820.03     2.87883     2.89664     3.96309
        148    0.183282 1.81449e+07        8880     2.87932     2.89964     4.03882
        149    0.184502 1.82657e+07     8940.06     2.87934     2.90129      4.0155
        150    0.185736 1.83879e+07     9000.07     2.87941     2.90303     4.00531
        151    0.186918 1.85049e+07     9060.06     2.87897     2.90126     3.37587
        152    0.188107 1.86226e+07     9120.13     2.87884      2.8965     3.05744
        153    0.189282 1.87389e+07     9180.06     2.87851     2.89941     3.80449
        154    0.190458 1.88554e+07     9240.06     2.87856     2.89442     3.87206
        155    0.191686 1.89769e+07     9300.09     2.87862     2.90011     3.64729
        156    0.192911 1.90982e+07     9360.07     2.87847     2.89058     3.84902
        157    0.194111  1.9217e+07     9420.07     2.87853     2.89399        3.79
        158     0.19534 1.93387e+07     9480.02     2.87752     2.88885      4.0063
        159    0.196561 1.94595e+07     9540.06      2.8767     2.88744     3.74407
        160    0.197763 1.95786e+07        9600     2.87558     2.89149      3.8536
        161    0.199003 1.97013e+07     9660.05     2.87517     2.89377     3.99459
        162    0.200223 1.98221e+07     9720.05       2.875     2.89493     4.03328
        163    0.201431 1.99417e+07     9780.02     2.87476     2.89358     3.99953