  0.00647454
    0.089565
   -0.272803
   0.0314384
     0.12562
   -0.234064
   -0.152477
    0.156764
    0.383665
    0.114056
   0.0459281
   0.0317651
    -0.10533
  -0.0450608
   0.0733425
    0.258329
  0.00284625
   0.0727198
   0.0253102
    0.211935
   0.0822052
   -0.139223
   0.0311354
   -0.105938
   0.0646151
 -0.00216068
   0.0604616
    0.392419
    0.277805
 0.000752631
   0.0202744
   0.0199692
  -0.0941814
    0.141099
    0.365064
   -0.096037
   0.0064613
  -0.0543271
    0.183099
   0.0196391
    0.237632
     0.21828
   0.0544312
    0.159596
    0.115304
  -0.0152416
    0.160943
   -0.035715
  -0.0743873
  -0.0128813
    0.100076
   -0.333648
  -0.0367146
  -0.0635937
  -0.0845204
    0.221908
    0.184742
   -0.180568
   -0.244599
   0.0619753
   0.0478808
   0.0416513
   -0.132829
   0.0435978
     0.14892
    0.130611
  -0.0723291
    0.261186
    0.179664
 -0.00532246
  -0.0114234
   -0.362594
    0.217398
    0.104405
   0.0600649
    0.244964
   0.0563334
   -0.257158
  -0.0512223
    0.063623
   0.0903755
   0.0757968
    0.372971
   -0.119809
    0.174252
   0.0578603
  -0.0857015
    0.227302
   0.0513225
    0.161528
    0.212047
  -0.0988563
    0.173449
  -0.0560296
    0.228051
    0.373022
   -0.162688
     0.16344
   -0.231928
   0.0269935
   -0.138195
    0.110352
  0.00533244
    0.141462
  -0.0582253
    0.167518
   -0.214705
    -0.21991
    0.239524
    0.133713
   0.0434475
    0.220869
   -0.135259
   0.0741598
    0.102148
   0.0902735
    0.126594
  0.00412909
    0.557091
    0.310382
    0.220651
     0.10309
   -0.164831
    0.201538
   0.0487898
  -0.0685274
    0.130116
    0.163689
    0.204516
    0.267651
  -0.0890451
    0.194559
   0.0843577
    0.340114
     0.25733
  -0.0773003
   0.0103407
    0.266214
    0.129829
  -0.0736147
    0.148939
    0.135302
   0.0419828
   0.0115124
    0.237143
 -0.00793216
   0.0192992
  -0.0697277
   0.0435008
    0.352398
  -0.0819867
   0.0689949
     0.22767
    0.202183
   0.0562522
    0.130522
   0.0679807
   0.0934944
 -0.00390033
   0.0499037
  -0.0271279
   0.0466238
  0.00330804
   -0.123742
   0.0690837
   -0.228464
  -0.0816329
   -0.122891
  -0.0490804
    0.362812
    0.216293
   -0.146084
   0.0445121
 -0.00764419
   0.0569728
   -0.201635
    0.208117
  0.00914946
    0.013225
    0.222764
   0.0993502
   0.0933647
   0.0100915
   -0.142416
  -0.0712449
  -0.0507442
  -0.0597416
    0.234871
   0.0365506
   -0.110679
   -0.049091
  0.00997141
   -0.192566
  -0.0728833
   0.0160626
    0.369429
    0.208854
   0.0725203
    0.269489
  -0.0892239
    0.185669
    0.181745
    0.280695
   0.0468291
   -0.121877
     0.34124
   0.0866641
  -0.0964217
     0.17015
 -0.00314926
   0.0413857
    0.366723
   -0.055072
   -0.133132
   0.0533404
   0.0692484
    0.277708
 -0.00302457
   -0.095997
   0.0716267
  0.00406556
    0.217226
   0.0704758
  0.00542245
  -0.0434648
   0.0256017
    0.246372
    0.068103
  -0.0895078
   -0.175691
 -0.00175354
  -0.0939758
    0.305078
    0.652213
   -0.117348
   0.0372645
   0.0177732
   0.0836433
    0.198854
   0.0350905
    0.266392
    0.193651
  -0.0651765
    0.179161
    0.149356
   0.0944801
     0.11024
    0.129814
    0.125615
    0.126164
 -0.00956094
   0.0162773
   0.0488447
   0.0423093
    0.162106
    0.111989
   0.0066946
    0.038999
    0.167489
    0.417651
     0.28089
  -0.0444403
      -0.102
    0.169613
    0.223167
   0.0669257
    0.270961
  -0.0596358
     0.15652
   0.0648843
    0.121586
    0.238729
   -0.167903
  -0.0599237
   -0.195039
    0.315815
    0.123026
    0.237258
    0.158594
    -0.29948
    0.137529
   0.0545218
    0.201082
    0.307113
    0.268714
    0.158226
    0.108207
  -0.0423597
  -0.0283661
    0.195918
   0.0993072
  -0.0290479
  -0.0494142
   0.0923777
    0.308274
   -0.216317
    0.216309
    0.126003
    0.285061
    0.215975
   0.0971892
  -0.0843828
     0.27408
   0.0138612
   0.0471275
    0.160292
     0.29282
  -0.0402131
     0.12316
   0.0587308
    0.141797
    0.117104
    0.303555
  -0.0275777
   -0.131986
  -0.0680719
   -0.026729
    0.253936
   -0.118364
   0.0670683
    0.231837
    0.277467
    0.206713
     0.18096
   -0.107949
    0.141981
 -0.00541901
    0.230619
    0.200604
  -0.0832582
    0.101198
    -0.13141
   0.0140627
   -0.380161
   0.0766975
    0.238711
    0.112041
    0.316059
     0.22394
   -0.201138
   -0.248958
    0.190715
    0.240753
  -0.0340126
  -0.0598855
   0.0781523
    0.195053
    0.139185
  0.00610135
   0.0850206
   0.0946934
  0.00719044
    0.291087
   0.0125705
   -0.212526
     0.19567
   -0.201197
   0.0857904
   -0.140441
   -0.186069
   -0.148724
    0.313872
    0.193758
  -0.0685943
    0.233239
  -0.0624492
   -0.108385
    0.138119
   0.0852267
    0.055224
    0.167437
   0.0785062
    0.232902
    -0.16674
    0.242014
     0.22687
    0.306875
    0.064349
    0.191473
    0.180079
   -0.223584
   0.0370491
  -0.0661841
     0.22017
    0.190444
   0.0684149
     -0.0246
    0.122561
   0.0770667
  -0.0577924
   0.0350498
    0.256585
    0.139954
    0.301294
   0.0586064
    0.291574
     0.22053
    0.270267
     0.21235
    0.115255
   0.0120828
    0.144821
   0.0814433
   -0.303686
   -0.203038
  -0.0768582
      0.1637
    0.101374
    0.180557
     0.20167
   0.0760108
   -0.187073
  -0.0122244
  -0.0741653
  -0.0429183
    0.204143
 -0.00278105
    0.166449
   -0.338245
   -0.147143
  -0.0968203
    0.143403
   -0.116603
    -0.20842
   -0.267934
    0.166792
 -0.00589634
  -0.0269853
    0.059644
   0.0560822
  -0.0778824
   -0.149139
    0.354707
  -0.0426893
   -0.109912
   0.0701643
    0.206123
  0.00135047
   -0.112711
   0.0802079
   0.0104648
    0.185889
   -0.158734
   -0.194531
    0.245843
   -0.124358
    0.137341
   0.0791522
  -0.0142602
    0.147719
   -0.222539
    0.172385
  -0.0710712
     0.27621
    0.490182
   -0.154944
    0.150407
    0.229016
    0.163482
    0.133947
   0.0373664
    0.414333
    0.148138
  -0.0211207
    0.191476
   -0.196758
  0.00893376
  -0.0534696
    0.236203
   -0.170831
   0.0438587
    0.113657
    0.367411
  -0.0253534
   0.0277414
    0.212631
  -0.0597365
    0.132267
    0.283784
    0.147709
     0.21038
    0.196204
  -0.0483853
    0.168171
   0.0398294
    0.074764
   -0.162392
   0.0139593
   -0.158331
    0.193399
   -0.169492
    -0.10723
   0.0271075
   0.0135239
    0.112857
   0.0419312
   0.0376059
    0.108424
   -0.118201
   -0.247154
   -0.103242
    0.114731
   -0.158639
     0.21276
   0.0551338
  -0.0234573
   -0.144422
     0.18301
   -0.112953
  -0.0051154
     0.22208
    0.062872
    0.124162
    0.259296
   0.0720539
    -0.18097
    0.274653
   0.0456043
  -0.0737653
   -0.218481
   -0.309765
   0.0159806
  -0.0553772
    0.122145
    0.248894
  0.00235843
  -0.0759987
    0.164573
   -0.576092
   -0.183288
   -0.191527
   0.0997356
   -0.196383
    0.185302
    0.203186
   -0.162212
     0.18587
    -0.18346
    0.118747
    0.240394
    0.116714
   0.0984319
   0.0914089
   -0.270378
   -0.155553
     0.13425
    0.160009
  -0.0850797
    0.218214
  -0.0141061
    0.153598
   -0.295785
    0.136809
   0.0474836
    0.237329
   0.0778347
    0.213807
  -0.0233159
    0.264166
    -0.20886
   0.0996814
    0.323064
   -0.149012
    -0.20608
   -0.116396
   -0.170926
    0.107684
   0.0563146
    0.315105
   -0.274617
    0.158894
  -0.0431477
   0.0357456
    0.225293
   -0.180408
  -0.0314898
   -0.245448
    0.223226
   0.0628337
   -0.138163
   -0.250319
  -0.0576558
   -0.359728
  0.00724428
    0.288328
    0.025064
   0.0275209
    -0.15466
    0.130502
   -0.228921
   -0.120694
   0.0510057
   -0.109829
 0.000469633
    0.261889
   -0.178214
   -0.344941
    0.143419
    0.198426
    -0.28568
   -0.135353
   0.0302264
   -0.018999
    0.130508
   -0.164751
     0.12113
   0.0889195
   0.0497104
   0.0667801
    0.194221
  -0.0717096
  -0.0706593
   -0.464939
   0.0906971
   -0.182003
   -0.259489
  -0.0284614
   0.0659749
   -0.070151
   -0.212654
    0.105519
  -0.0580098
   -0.136677
     0.24318
   0.0811952
   -0.315436
    0.148064
  -0.0902034
   -0.109845
  -0.0591238
    0.301673
   0.0302349
 -0.00346201
     0.10727
    0.237989
    0.137486
  -0.0909509
    0.107431
   -0.104173
    0.045531
    0.329271
   -0.270489
  -0.0863389
    0.126447
   -0.170189
  -0.0302077
    0.141929
    0.160347
    0.121583
    0.327508
   0.0931408
   0.0113049
     0.10757
    0.277589
   0.0393725
  -0.0641106
    0.135811
  -0.0604467
   0.0697885
   0.0474138
   -0.267792
   -0.410846
    0.124396
   0.0916652
    0.314546
    0.123699
     0.17759
   -0.204761
    -0.19775
   -0.138966
    0.172204
    0.155926
   -0.367999
    0.232485
   -0.421407
   0.0578096
   -0.106363
   0.0432885
   0.0465593
   -0.267335
   -0.236365
   0.0738309
   -0.349708
    -0.23034
  -0.0452123
    0.155797
   -0.111464
   -0.140617
    0.279111
    0.191431
    0.144737
   -0.169024
    0.151314
   -0.187594
   -0.136223
    0.104038
  -0.0765999
    0.234284
   -0.319857
   -0.219902
    0.117654
   -0.109871
   -0.232083
  -0.0282518
    -0.14825
 -0.00583625
  -0.0503826
    0.511774
   0.0964945
   0.0629582
   -0.134968
  -0.0834897
    0.150603
    0.140787
     0.27159
   -0.157011
   -0.185164
    0.368935
    0.143977
   -0.179697
    0.192912
   -0.210323
   -0.398008
  0.00223945
    0.165932
   -0.214923
  -0.0526264
    0.241473
  0.00293884
      -0.337
    0.198859
 -0.00617382
   -0.228873
    0.296368
    0.239419
   0.0933195
    0.210905
   0.0733679
  -0.0658877
   0.0968728
   -0.159683
  -0.0935357
   -0.220055
  -0.0460665
   -0.117109
     0.37956
   -0.325151
   -0.101209
   0.0769282
  -0.0131089
  -0.0499823
   -0.400958
  0.00740226
    0.104696
  -0.0444419
   -0.105783
     0.10002
    0.118378
   -0.189647
  0.00140907
   0.0846548
   -0.152146
   -0.155082
    -0.16103
   0.0858747
   0.0381789
   0.0997917
  -0.0539262
    0.422181
   -0.319519
    -0.15628
   0.0978071
    0.269435
   0.0504117
   0.0687716
   -0.071971
   0.0433259
   -0.271578
  -0.0244295
   -0.379582
   -0.135616
    0.215732
    0.437255
    0.220792
-0.000127707
   0.0540805
  -0.0785482
   -0.382649
   0.0253713
   -0.517433
   -0.376847
   -0.026417
    0.234697
   0.0394905
   -0.326538
    0.458837
    0.308508
    0.439898
  -0.0962371
   -0.186596
   -0.104315
    -0.15994
   -0.297383
  -0.0966237
   -0.103564
   0.0695404
   -0.479624
  -0.0806974
    0.236478
    0.416206
     0.18518
   -0.236913
     -0.2927
   -0.700762
    0.274222
    0.154777
   -0.424948
   -0.207901
     0.30264
    0.385255
 -0.00595478
  -0.0774523
   -0.420431
   -0.343846
    0.365975
  -0.0551814
   0.0851701
  -0.0187774
   -0.123518
    0.231754
   0.0190803
  -0.0700586
   -0.132197
    0.424838
   -0.530498
   0.0462892
   0.0458252
  -0.0140936
  -0.0989916
    -0.16861
    0.314295
   -0.161865
     0.26897
   -0.329893
   -0.339474
  -0.0509266
     0.39986
   -0.515269
   -0.319344
    0.243941
   -0.151245
   -0.121236
  -0.0652213
    0.359726
   -0.462756
   0.0556812
   0.0925563
     0.61607
    0.281996
    0.191644
    0.385087
    0.250204
    0.117343
    0.302078
  -0.0559909
   -0.315224
  -0.0580181
   -0.056794
   0.0586399
    0.335647
   0.0548077
   -0.000844
 -0.00852022
    0.498044
    0.316818
   0.0142936
   -0.537469
   -0.047427
  -0.0926884
   -0.285948
     0.51142
  -0.0798247
  -0.0482078
   -0.128022
   0.0659247
    -0.05118
   -0.431986
    0.414629
    0.325285
   -0.499313
    0.296449
   -0.345672
   0.0731448
   -0.331244
  -0.0135885
    0.128925
    0.501399
 -0.00664045
   -0.557698
    0.702204
    0.196775
   -0.343003
   -0.125001
   -0.395229
    0.361691
    0.429922
    0.325474
    0.183888
    0.171161
    0.293865
   -0.429177
  -0.0307475
     0.40864
   -0.320799
  -0.0973401
   -0.140209
   0.0151864
  -0.0400264
    0.312348
    0.401871
    0.439877
    0.250046
    0.364584
  -0.0510722
  -0.0649957
   -0.119462
  -0.0109113
   -0.363287
   0.0600748
    -0.28638
   0.0464124
    0.101441
  -0.0196327
   -0.328414
   -0.137062
  -0.0515481
  -0.0947908
  0.00635117
 -0.00667442
   0.0154274
    0.482804
  -0.0292235
   -0.061068
    0.156221
   -0.247115
  0.00118454
   0.0713222
 -0.00652024
    0.370926
   0.0274973
    0.180354
    0.379103
    0.181882
    0.312937
   -0.123786
  -0.0441032
    0.278555
  -0.0624205
   -0.501533
      0.2881
  -0.0945588
    0.313843
   0.0776367
    0.245281
    -0.41402
    0.186482
   -0.089025
   0.0474789
   -0.452728
    0.385408
    0.403397
    0.166292
    0.350349
    0.336564
    -0.11966
   0.0111473
    0.185356
  -0.0699827
  -0.0408624
   -0.593403
    0.399618
   -0.036666
   -0.166329
   -0.208821
    0.168419
    0.183787
  -0.0346274
   -0.326394
    -0.10193
    0.255843
   -0.404601
    0.350799
    0.439653
    0.412426
   -0.408225
   -0.294318
  0.00633936
  -0.0801006
  -0.0951532
   0.0294542
  -0.0473221
   -0.327778
  0.00981205
     0.48958
  -0.0831735
   -0.259022
    0.240154
   0.0689881
    0.444038
    -0.28646
   0.0327444
   0.0297245
   -0.421754
   -0.423255
  -0.0659819
   -0.037436
    0.522158
    0.185698
  -0.0121948
    0.148019
    0.356773
    0.215892
   -0.412474
  -0.0176744