 -0.268729
 -0.269691
 -0.268475
 -0.267164
 -0.268583
 -0.267909
 -0.267499
 -0.269327
 -0.266784
 -0.270147
  -0.60425
 -0.268218
 -0.270228
-0.0215064
 -0.269519
 -0.266753
 -0.268557
 -0.269925
 -0.268105
 -0.267925
 -0.270096
  -0.26731
 -0.268627
 -0.268899
  -0.26906
  -0.26896
 -0.353375
 -0.267787
 -0.268611
 -0.268034
 -0.269641
 -0.269022
   0.25403
 -0.376745
 -0.732128
 -0.268632
 -0.267579
 -0.267076
 -0.268263
 -0.843695
 -0.925175
 -0.914208
 -0.551215
 -0.268236
-0.0101449
 -0.234784
 -0.406628
  -0.26971
 -0.269244
 -0.269888
 -0.440469
 -0.267526
 -0.268783
 -0.267843
 -0.268246
 -0.268569
 -0.267826
 -0.307209
 -0.958681
 -0.439626
 -0.268556
 -0.268574
 -0.267711
  -0.86996
  -0.26725
  -1.04831
 -0.709942
 -0.479895
  -1.19856
 -0.517888
 -0.469014
 -0.823385
 -0.497103
 -0.622847
 -0.489323
 -0.900613
 -0.541304
  -1.32299
  -0.54847
 -0.957931
  -1.49377
  -1.69922
 -0.947125
 -0.565098
 -0.773198
  -0.65876
 -0.413247
  -1.21309
 -0.370018
 -0.498325
 -0.367118
 -0.403396
 -0.268401
 -0.627773
  -0.26955
 -0.355084
  -1.38008
 -0.172834
 -0.972178
 -0.333788
 -0.332033
    0.1805
 -0.619434
  -0.45479
 0.0294036
-0.0432306
  -1.10525
 -0.981329
 -0.382001
 -0.690128
 0.0114168
 0.0556527
 -0.335222
  -1.11771
  -0.24105
 0.0912261
 -0.259774
-0.0767482
 -0.730709
  -0.49256
  -1.34294
  -0.31603
  -1.06646
 -0.270795
 -0.267138
 -0.266522
 -0.266814
 -0.269555
 -0.267719
 -0.267712
 -0.267655
 -0.269132
 -0.265316
 -0.267727
 -0.268787
 -0.266409
 -0.267774
 -0.267279
 -0.267773
 -0.269199
 -0.266933
 -0.266905
 -0.269846
 -0.267786
 -0.267359
  -0.26805
  -0.26751
 -0.267574
 -0.267069
 -0.271565
 -0.268169
 -0.267879
 -0.267786
 -0.267911
 -0.268398
 -0.268599
 -0.266792
 -0.268255
 -0.269236
 -0.268302
 -0.267365
 -0.268655
 -0.267046
 -0.268429
 -0.267389
 -0.267631
 -0.268406
 -0.267867
 -0.267795
 -0.268352
 -0.269015
 -0.268506
 -0.269084
  -0.26825
 -0.268352
 -0.269979
 -0.271839
 -0.267827
 -0.268667
 -0.267663
 -0.268452
 -0.268466
 -0.267765
 -0.266836
 -0.268167
  -0.26953
 -0.266701
 -0.269362
 -0.267386
 -0.270403
 -0.267975
 -0.269585
 -0.267009
 -0.269961
 -0.267822
 -0.268067
 -0.269266
 -0.267214
 -0.266931
 -0.268444
 -0.267845
 -0.269281
 -0.269337
 -0.268278
 -0.268599
  -0.26964
 -0.269732
 -0.267404
 -0.268381
 -0.267808
 -0.269834
 -0.267193
  -0.26916
 -0.270521
 -0.267094
 -0.269507
 -0.267946
 -0.268902
 -0.270207
 -0.269416
 -0.270536
 -0.267652
 -0.269152
 -0.267828
 -0.268898
 -0.268051
 -0.270106
 -0.268286
 -0.267806
 -0.270769
 -0.267291
 -0.266993
 -0.269697
  -0.26741
 -0.266097
 -0.267485
 -0.269678
 -0.269419
 -0.267953
 -0.267992
 -0.266968
 -0.267317
 -0.267568
  -0.26972
 -0.269558
 -0.269269
 -0.269314
 -0.267416
 -0.268357
 -0.267578
 -0.267421
 -0.267888
 -0.269167
 -0.267302
 -0.269406
 -0.268091