  -0.504777
  -0.500561
  -0.499535
  -0.502947
  -0.501833
  -0.501331
  -0.492017
  -0.503734
  -0.497526
  -0.372821
   0.281522
  -0.501269
  -0.502027
  -0.496385
  -0.499143
  -0.501001
  -0.502521
  -0.496893
  -0.502326
  -0.498496
  -0.503846
  -0.499256
  -0.504643
  -0.500451
  -0.495159
  -0.503953
  -0.501503
  -0.497217
  -0.501489
  -0.496821
  -0.504107
  -0.499694
   0.351347
 -0.0788073
  -0.380244
   0.254274
  -0.142667
  -0.134828
    0.27089
    0.13807
-0.00729075
  -0.544799
   0.273077
  -0.195948
 -0.0643833
   0.341815
 -0.0206656
  0.0355691
  0.0231175
    0.68065
   0.583755
   0.274934
   0.077967
   0.167827
   0.289596
   0.156235
   0.171815
     0.3701
  0.0821842
  -0.477609
  -0.107343
 -0.0430106
  -0.556841
  -0.116467
  -0.262745
   0.301336
    0.45757
   0.344236
   0.232081
   0.423621
   0.335389
   0.305962
   0.244161
   0.257388
 -0.0317395
 -0.0155368
   0.209876
   0.352298
   0.423861
   0.284319
   0.387383
  -0.225595
   0.254169
   0.240887
   0.324897
   0.186926
 -0.0913341
   0.563058
   0.118688
   0.178057
  -0.144293
  0.0424712
  -0.166861
 -0.0132684
  -0.465224
  -0.508662
  -0.274121
   0.329758
   0.347523
   0.239582
 -0.0879209
   0.251529
   0.158539
    0.20015
  -0.175111
   0.304795
  -0.164106
  -0.082451
   0.319564
   0.102648
   0.261527
  0.0745015
   0.386062
  -0.212832
   0.290331
   0.103148
   0.366726
  -0.100384
  0.0383553
    0.10977
  -0.248666
  -0.179399
 -0.0649174
  0.0362095
   0.366102
  0.0898764
  -0.161241
  -0.506323
   0.230867
   0.271224
   0.157747
   0.122141
  0.0223003
  0.0686829
   0.346213
    0.17493
    0.15789
  0.0726347
   0.192714
     0.1766
  -0.102553
    0.32205
-0.00852093
-0.00791354
   0.240868
    0.24187
  0.0649272
   0.268438
   0.276302
   0.126608
   0.130591
   0.147328
   0.244762
   0.216243
  0.0479275
   0.102882
  0.0620878
 -0.0142571
   0.176359
   0.225386
   0.276432
   0.437382
   0.351063
   0.134008
  0.0299112
  -0.176565
 -0.0412169
   0.200288
   0.267931
   0.488431
   0.160423
    0.20418
  -0.140285
   0.357477
   0.112676
    0.10179
  0.0303977
   0.186307
   0.329509
   0.264634
  -0.100627
  0.0574207
  0.0442318
   -0.02491
   0.238589
-0.00702628
   0.275553
   0.247999
   0.261312
  -0.242817
   0.143364
   0.225893
  -0.505006
  -0.501458
 -0.0411065
  -0.324775
  -0.412196
  -0.277215
  -0.395005
   -0.46396
  -0.199967
  -0.211334
  -0.116056
   -0.41619
  -0.543122
  -0.322363
 -0.0282354
  -0.231516
  0.0608161
    -0.3524
-0.00268926
  -0.126449
 -0.0626175
  -0.160112
  -0.180289
  -0.161937
   0.245146
  0.0772401
 -0.0667533
  -0.216214
   -0.13052
  -0.502079
   -0.31064
  -0.498493
 -0.0891489
   0.032702
  -0.178572
  0.0916859
   0.153883
   0.134012
 -0.0307814
 -0.0379435
   -0.13848
  -0.103784
  -0.197743
  -0.210535
  -0.339845
  -0.260578
  -0.501197
  -0.237815
  -0.104838
  -0.494215
  -0.498529
  -0.502465
  -0.501181
  -0.502258
  -0.500623
  -0.501396
  -0.501125
  -0.503296
  -0.501102
  -0.495689
  -0.503774
  -0.501407
  -0.503482
  -0.496134